AK400,1836.00,1836.00,1836.00,1836.00,2184.00,2199.00,2301.00,2442.00,2637.00,2202.00,2361.00,2532.00,2676.00,2844.00,2331.00,2505.00,2697.00,2193.00,2196.00,2523.00,2904.00,3174.00,3198.00,3222.00,3222.00,3222.00,3222.00
AK401,1938.00,1938.00,1938.00,1938.00,2298.00,2313.00,2373.00,2469.00,2625.00,2316.00,2415.00,2529.00,2661.00,2817.00,2394.00,2511.00,2679.00,2307.00,2310.00,2523.00,2868.00,3117.00,3141.00,3162.00,3162.00,3162.00,3162.00
AK402,2013.00,2013.00,2013.00,2013.00,2466.00,2481.00,2487.00,2514.00,2598.00,2484.00,2496.00,2532.00,2622.00,2730.00,2490.00,2526.00,2634.00,2475.00,2478.00,2529.00,2763.00,2931.00,2955.00,2976.00,2976.00,2976.00,2976.00
AK403,1839.00,1839.00,1839.00,1839.00,2298.00,2313.00,2412.00,2550.00,2754.00,2316.00,2472.00,2637.00,2799.00,2988.00,2442.00,2613.00,2823.00,2307.00,2310.00,2631.00,3054.00,3354.00,3381.00,3405.00,3405.00,3405.00,3405.00
AK404,1845.00,1845.00,1845.00,1845.00,2244.00,2259.00,2382.00,2547.00,2712.00,2262.00,2451.00,2652.00,2736.00,2832.00,2418.00,2622.00,2745.00,2253.00,2256.00,2643.00,2862.00,3018.00,3039.00,3063.00,3063.00,3063.00,3063.00
AK405,1602.00,1602.00,1602.00,1602.00,1986.00,2001.00,2100.00,2235.00,2397.00,2004.00,2157.00,2319.00,2427.00,2553.00,2127.00,2295.00,2442.00,1995.00,1998.00,2313.00,2595.00,2793.00,2814.00,2835.00,2835.00,2835.00,2835.00
AL001,945.00,945.00,945.00,945.00,951.00,1137.00,1167.00,1203.00,1266.00,1149.00,1182.00,1227.00,1281.00,1347.00,1173.00,1218.00,1287.00,978.00,1134.00,1224.00,1365.00,1467.00,1473.00,1479.00,1479.00,1479.00,1479.00
AL002,1086.00,1086.00,1086.00,1086.00,1152.00,1218.00,1383.00,1569.00,1755.00,1230.00,1461.00,1689.00,1782.00,1887.00,1422.00,1656.00,1791.00,1164.00,1215.00,1680.00,1923.00,2091.00,2103.00,2118.00,2118.00,2118.00,2118.00
AL003,1440.00,1440.00,1440.00,1440.00,1533.00,1887.00,1908.00,1917.00,1956.00,1905.00,1914.00,1926.00,1980.00,2070.00,1911.00,1920.00,1989.00,1578.00,1884.00,1923.00,2097.00,2241.00,2256.00,2271.00,2271.00,2271.00,2271.00
AL004,1437.00,1437.00,1437.00,1437.00,1572.00,1728.00,1842.00,1971.00,2106.00,1740.00,1896.00,2052.00,2127.00,2214.00,1869.00,2028.00,2136.00,1596.00,1725.00,2046.00,2241.00,2376.00,2394.00,2409.00,2409.00,2409.00,2409.00
AL005,1218.00,1218.00,1218.00,1218.00,1266.00,1311.00,1329.00,1362.00,1455.00,1323.00,1344.00,1380.00,1485.00,1611.00,1338.00,1374.00,1500.00,1275.00,1308.00,1377.00,1653.00,1851.00,1860.00,1872.00,1872.00,1872.00,1872.00
AL006,1218.00,1218.00,1218.00,1218.00,1281.00,1305.00,1527.00,1773.00,1986.00,1320.00,1629.00,1932.00,2007.00,2097.00,1578.00,1887.00,2016.00,1290.00,1302.00,1917.00,2124.00,2262.00,2277.00,2292.00,2292.00,2292.00,2292.00
AL007,1497.00,1497.00,1497.00,1497.00,1578.00,1722.00,1737.00,1746.00,1794.00,1734.00,1743.00,1758.00,1809.00,1875.00,1740.00,1752.00,1815.00,1599.00,1719.00,1755.00,1893.00,1992.00,2004.00,2019.00,2019.00,2019.00,2019.00
AR010,1527.00,1527.00,1527.00,1527.00,1617.00,1635.00,1650.00,1659.00,1725.00,1647.00,1656.00,1668.00,1749.00,1848.00,1653.00,1662.00,1761.00,1626.00,1632.00,1665.00,1881.00,2037.00,2049.00,2064.00,2064.00,2064.00,2064.00
AR012,804.00,804.00,804.00,804.00,822.00,1329.00,1350.00,1377.00,1422.00,1347.00,1362.00,1392.00,1434.00,1482.00,1356.00,1386.00,1437.00,885.00,1323.00,1389.00,1494.00,1569.00,1578.00,1584.00,1584.00,1584.00,1584.00
AR411,1092.00,1092.00,1092.00,1092.00,1197.00,1383.00,1488.00,1605.00,1776.00,1398.00,1536.00,1680.00,1815.00,1971.00,1512.00,1659.00,1833.00,1224.00,1380.00,1674.00,2025.00,2277.00,2292.00,2310.00,2310.00,2310.00,2310.00
AZ013,1833.00,1833.00,1833.00,1833.00,1980.00,2199.00,2217.00,2226.00,2268.00,2214.00,2223.00,2235.00,2286.00,2364.00,2220.00,2229.00,2295.00,2010.00,2196.00,2232.00,2385.00,2508.00,2526.00,2544.00,2544.00,2544.00,2544.00
AZ014,1224.00,1224.00,1224.00,1224.00,1320.00,1647.00,1665.00,1674.00,1713.00,1662.00,1671.00,1683.00,1725.00,1785.00,1668.00,1677.00,1731.00,1362.00,1644.00,1680.00,1800.00,1893.00,1902.00,1914.00,1914.00,1914.00,1914.00
AZ015,1491.00,1491.00,1491.00,1491.00,1674.00,1896.00,1914.00,1923.00,1956.00,1911.00,1920.00,1932.00,1974.00,2049.00,1917.00,1926.00,1980.00,1704.00,1893.00,1929.00,2070.00,2187.00,2202.00,2217.00,2217.00,2217.00,2217.00
AZ016,1206.00,1206.00,1206.00,1206.00,1293.00,1491.00,1533.00,1581.00,1683.00,1506.00,1554.00,1614.00,1713.00,1827.00,1542.00,1605.00,1725.00,1323.00,1488.00,1611.00,1863.00,2046.00,2058.00,2070.00,2070.00,2070.00,2070.00
CA018,2985.00,2985.00,2985.00,2985.00,3117.00,3645.00,3687.00,3732.00,3855.00,3663.00,3705.00,3759.00,3891.00,4044.00,3696.00,3750.00,3909.00,3180.00,3639.00,3756.00,4095.00,4338.00,4374.00,4410.00,4410.00,4410.00,4410.00
CA019,4347.00,4347.00,4347.00,4347.00,4797.00,4899.00,4986.00,5088.00,5409.00,4911.00,5028.00,5151.00,5508.00,5925.00,5007.00,5133.00,5568.00,4815.00,4896.00,5148.00,6078.00,6753.00,6813.00,6873.00,6873.00,6873.00,6873.00
CA021,1074.00,1074.00,1074.00,1074.00,1143.00,1419.00,1479.00,1551.00,1665.00,1434.00,1509.00,1593.00,1692.00,1809.00,1494.00,1581.00,1707.00,1179.00,1416.00,1590.00,1845.00,2028.00,2040.00,2055.00,2055.00,2055.00,2055.00
CA022,1689.00,1689.00,1689.00,1689.00,1842.00,1974.00,2079.00,2199.00,2322.00,1986.00,2130.00,2277.00,2340.00,2415.00,2106.00,2253.00,2349.00,1863.00,1971.00,2271.00,2439.00,2556.00,2574.00,2592.00,2592.00,2592.00,2592.00
CA023,1707.00,1707.00,1707.00,1707.00,1758.00,1956.00,1971.00,1992.00,2052.00,1968.00,1980.00,2004.00,2070.00,2145.00,1974.00,1998.00,2076.00,1788.00,1953.00,2001.00,2169.00,2289.00,2304.00,2322.00,2322.00,2322.00,2322.00
CA024,2691.00,2691.00,2691.00,2691.00,2898.00,3219.00,3288.00,3366.00,3492.00,3237.00,3321.00,3414.00,3525.00,3651.00,3306.00,3399.00,3537.00,2940.00,3216.00,3411.00,3693.00,3897.00,3927.00,3960.00,3960.00,3960.00,3960.00
CA025,2928.00,2928.00,2928.00,2928.00,3063.00,3144.00,3219.00,3312.00,3435.00,3156.00,3258.00,3369.00,3459.00,3564.00,3240.00,3351.00,3471.00,3078.00,3141.00,3363.00,3600.00,3768.00,3798.00,3828.00,3828.00,3828.00,3828.00
CA026,2091.00,2091.00,2091.00,2091.00,2097.00,2460.00,2499.00,2547.00,2649.00,2475.00,2520.00,2574.00,2676.00,2796.00,2511.00,2565.00,2691.00,2145.00,2457.00,2571.00,2835.00,3024.00,3048.00,3069.00,3069.00,3069.00,3069.00
CA027,3084.00,3084.00,3084.00,3084.00,3126.00,3348.00,3474.00,3615.00,3873.00,3363.00,3534.00,3705.00,3936.00,4203.00,3504.00,3681.00,3972.00,3159.00,3345.00,3699.00,4299.00,4731.00,4773.00,4812.00,4812.00,4812.00,4812.00
CA028,1476.00,1476.00,1476.00,1476.00,1575.00,1788.00,1866.00,1959.00,2070.00,1800.00,1905.00,2016.00,2091.00,2178.00,1887.00,1998.00,2100.00,1605.00,1785.00,2010.00,2205.00,2343.00,2361.00,2376.00,2376.00,2376.00,2376.00
CA031,2571.00,2571.00,2571.00,2571.00,2802.00,3051.00,3069.00,3078.00,3090.00,3066.00,3075.00,3087.00,3102.00,3147.00,3072.00,3081.00,3105.00,2835.00,3048.00,3084.00,3156.00,3225.00,3249.00,3276.00,3276.00,3276.00,3276.00
CA032,1371.00,1371.00,1371.00,1371.00,1461.00,1713.00,1809.00,1917.00,2067.00,1728.00,1854.00,1983.00,2097.00,2229.00,1830.00,1965.00,2112.00,1497.00,1710.00,1977.00,2274.00,2484.00,2499.00,2517.00,2517.00,2517.00,2517.00
CA033,2421.00,2421.00,2421.00,2421.00,2553.00,2796.00,2814.00,2823.00,2880.00,2811.00,2820.00,2832.00,2907.00,3024.00,2817.00,2826.00,2919.00,2586.00,2793.00,2829.00,3063.00,3249.00,3273.00,3297.00,3297.00,3297.00,3297.00
CA034,2439.00,2439.00,2439.00,2439.00,2640.00,2781.00,2796.00,2805.00,2877.00,2793.00,2802.00,2814.00,2904.00,3021.00,2799.00,2808.00,2916.00,2661.00,2778.00,2811.00,3057.00,3243.00,3267.00,3294.00,3294.00,3294.00,3294.00
CA035,1917.00,1917.00,1917.00,1917.00,1980.00,2130.00,2178.00,2238.00,2373.00,2142.00,2205.00,2274.00,2412.00,2571.00,2190.00,2262.00,2430.00,2004.00,2127.00,2271.00,2625.00,2880.00,2901.00,2925.00,2925.00,2925.00,2925.00
CA036,2724.00,2724.00,2724.00,2724.00,2811.00,2928.00,2943.00,2952.00,3000.00,2940.00,2949.00,2961.00,3027.00,3129.00,2946.00,2955.00,3036.00,2832.00,2925.00,2958.00,3159.00,3324.00,3348.00,3375.00,3375.00,3375.00,3375.00
CA037,3021.00,3021.00,3021.00,3021.00,3171.00,3594.00,3639.00,3690.00,3807.00,3612.00,3660.00,3720.00,3840.00,3978.00,3651.00,3711.00,3855.00,3225.00,3591.00,3717.00,4026.00,4248.00,4281.00,4317.00,4317.00,4317.00,4317.00
CA038,2676.00,2676.00,2676.00,2676.00,2871.00,3249.00,3288.00,3330.00,3459.00,3267.00,3306.00,3357.00,3501.00,3669.00,3297.00,3348.00,3522.00,2919.00,3246.00,3354.00,3726.00,3996.00,4026.00,4059.00,4059.00,4059.00,4059.00
CA039,2667.00,2667.00,2667.00,2667.00,2823.00,3315.00,3561.00,3825.00,4035.00,3339.00,3669.00,3993.00,4053.00,4122.00,3615.00,3945.00,4059.00,2883.00,3312.00,3981.00,4140.00,4248.00,4281.00,4317.00,4317.00,4317.00,4317.00
CA041,2415.00,2415.00,2415.00,2415.00,2538.00,2697.00,2721.00,2751.00,2829.00,2709.00,2733.00,2769.00,2853.00,2949.00,2727.00,2763.00,2862.00,2562.00,2694.00,2766.00,2982.00,3135.00,3159.00,3183.00,3183.00,3183.00,3183.00
CA042,1308.00,1308.00,1308.00,1308.00,1338.00,1863.00,2007.00,2163.00,2343.00,1881.00,2073.00,2262.00,2373.00,2505.00,2040.00,2232.00,2388.00,1401.00,1857.00,2253.00,2547.00,2757.00,2775.00,2796.00,2796.00,2796.00,2796.00
CA044,3456.00,3456.00,3456.00,3456.00,3693.00,4221.00,4308.00,4407.00,4686.00,4239.00,4350.00,4467.00,4770.00,5124.00,4329.00,4449.00,4818.00,3759.00,4215.00,4461.00,5253.00,5826.00,5877.00,5928.00,5928.00,5928.00,5928.00
CA392,2238.00,2238.00,2238.00,2238.00,2412.00,2754.00,2919.00,3099.00,3339.00,2772.00,2994.00,3213.00,3387.00,3591.00,2955.00,3180.00,3414.00,2457.00,2751.00,3204.00,3663.00,3987.00,4020.00,4053.00,4053.00,4053.00,4053.00
CA393,1551.00,1551.00,1551.00,1551.00,1710.00,2271.00,2292.00,2301.00,2394.00,2289.00,2298.00,2310.00,2436.00,2607.00,2295.00,2304.00,2457.00,1779.00,2265.00,2307.00,2667.00,2943.00,2967.00,2988.00,2988.00,2988.00,2988.00
CA420,1407.00,1407.00,1407.00,1407.00,1422.00,1506.00,1605.00,1719.00,1839.00,1518.00,1653.00,1791.00,1860.00,1935.00,1629.00,1770.00,1866.00,1440.00,1503.00,1785.00,1956.00,2079.00,2091.00,2106.00,2106.00,2106.00,2106.00
CA457,1983.00,1983.00,1983.00,1983.00,2145.00,2322.00,2418.00,2529.00,2649.00,2334.00,2463.00,2598.00,2670.00,2751.00,2442.00,2577.00,2676.00,2172.00,2319.00,2592.00,2775.00,2907.00,2928.00,2949.00,2949.00,2949.00,2949.00
CO045,2127.00,2127.00,2127.00,2127.00,2373.00,2475.00,2508.00,2553.00,2625.00,2487.00,2526.00,2580.00,2643.00,2718.00,2517.00,2571.00,2649.00,2391.00,2472.00,2577.00,2742.00,2859.00,2880.00,2901.00,2901.00,2901.00,2901.00
CO046,1986.00,1986.00,1986.00,1986.00,2052.00,2091.00,2169.00,2262.00,2367.00,2103.00,2208.00,2322.00,2385.00,2454.00,2190.00,2304.00,2391.00,2064.00,2088.00,2316.00,2475.00,2589.00,2607.00,2625.00,2625.00,2625.00,2625.00
CO047,1764.00,1764.00,1764.00,1764.00,1935.00,2028.00,2109.00,2202.00,2307.00,2040.00,2148.00,2259.00,2325.00,2400.00,2127.00,2244.00,2331.00,1953.00,2025.00,2256.00,2421.00,2538.00,2556.00,2574.00,2574.00,2574.00,2574.00
CO422,2079.00,2079.00,2079.00,2079.00,2232.00,2688.00,2850.00,3027.00,3192.00,2709.00,2922.00,3138.00,3213.00,3300.00,2886.00,3105.00,3222.00,2289.00,2685.00,3129.00,3327.00,3465.00,3492.00,3519.00,3519.00,3519.00,3519.00
CT049,1698.00,1698.00,1698.00,1698.00,1791.00,2229.00,2250.00,2259.00,2298.00,2247.00,2256.00,2268.00,2310.00,2364.00,2253.00,2262.00,2313.00,1848.00,2226.00,2265.00,2376.00,2457.00,2475.00,2493.00,2493.00,2493.00,2493.00
CT050,2040.00,2040.00,2040.00,2040.00,2094.00,2256.00,2385.00,2532.00,2703.00,2268.00,2448.00,2625.00,2733.00,2856.00,2415.00,2598.00,2748.00,2118.00,2253.00,2619.00,2898.00,3096.00,3120.00,3144.00,3144.00,3144.00,3144.00
CT051,2631.00,2631.00,2631.00,2631.00,2727.00,3162.00,3183.00,3192.00,3285.00,3180.00,3189.00,3201.00,3327.00,3501.00,3186.00,3195.00,3348.00,2784.00,3159.00,3198.00,3561.00,3837.00,3870.00,3900.00,3900.00,3900.00,3900.00
DC053,2355.00,2355.00,2355.00,2355.00,2388.00,2928.00,2955.00,2982.00,3120.00,2946.00,2967.00,3003.00,3165.00,3354.00,2961.00,2994.00,3189.00,2457.00,2922.00,3000.00,3420.00,3726.00,3756.00,3786.00,3786.00,3786.00,3786.00
DE054,1635.00,1635.00,1635.00,1635.00,1680.00,1743.00,1803.00,1878.00,1965.00,1755.00,1833.00,1923.00,1983.00,2049.00,1818.00,1908.00,1989.00,1692.00,1740.00,1920.00,2070.00,2175.00,2190.00,2205.00,2205.00,2205.00,2205.00
FL056,1965.00,1965.00,1965.00,1965.00,1968.00,2085.00,2229.00,2397.00,2562.00,2097.00,2298.00,2502.00,2586.00,2682.00,2265.00,2472.00,2595.00,1986.00,2082.00,2493.00,2712.00,2868.00,2889.00,2910.00,2910.00,2910.00,2910.00
FL057,1458.00,1458.00,1458.00,1458.00,1485.00,1740.00,1821.00,1911.00,2046.00,1755.00,1860.00,1971.00,2076.00,2199.00,1839.00,1953.00,2091.00,1518.00,1737.00,1965.00,2238.00,2436.00,2451.00,2469.00,2469.00,2469.00,2469.00
FL058,1713.00,1713.00,1713.00,1713.00,1776.00,1908.00,1971.00,2049.00,2115.00,1920.00,2004.00,2097.00,2121.00,2151.00,1989.00,2082.00,2124.00,1797.00,1905.00,2094.00,2154.00,2196.00,2211.00,2226.00,2226.00,2226.00,2226.00
FL059,1812.00,1812.00,1812.00,1812.00,1911.00,2121.00,2139.00,2148.00,2172.00,2136.00,2145.00,2157.00,2187.00,2247.00,2142.00,2151.00,2190.00,1941.00,2118.00,2154.00,2265.00,2358.00,2376.00,2391.00,2391.00,2391.00,2391.00
FL061,2418.00,2418.00,2418.00,2418.00,2535.00,2709.00,2832.00,2973.00,3174.00,2724.00,2892.00,3060.00,3219.00,3405.00,2862.00,3033.00,3243.00,2562.00,2706.00,3054.00,3468.00,3768.00,3798.00,3828.00,3828.00,3828.00,3828.00
FL062,1872.00,1872.00,1872.00,1872.00,1983.00,2151.00,2166.00,2175.00,2202.00,2163.00,2172.00,2184.00,2220.00,2289.00,2169.00,2178.00,2226.00,2007.00,2148.00,2181.00,2307.00,2415.00,2433.00,2448.00,2448.00,2448.00,2448.00
FL063,1647.00,1647.00,1647.00,1647.00,1695.00,1980.00,2031.00,2091.00,2199.00,1995.00,2058.00,2130.00,2226.00,2337.00,2046.00,2118.00,2238.00,1734.00,1977.00,2127.00,2376.00,2553.00,2571.00,2589.00,2589.00,2589.00,2589.00
FL064,1593.00,1593.00,1593.00,1593.00,1701.00,1764.00,1794.00,1836.00,1905.00,1776.00,1812.00,1860.00,1923.00,1992.00,1803.00,1851.00,1929.00,1713.00,1761.00,1857.00,2013.00,2124.00,2139.00,2154.00,2154.00,2154.00,2154.00
FL065,1440.00,1440.00,1440.00,1440.00,1479.00,1515.00,1659.00,1824.00,1992.00,1527.00,1728.00,1929.00,2016.00,2115.00,1695.00,1899.00,2025.00,1491.00,1512.00,1920.00,2148.00,2307.00,2322.00,2337.00,2337.00,2337.00,2337.00
FL066,2061.00,2061.00,2061.00,2061.00,2160.00,2484.00,2502.00,2511.00,2544.00,2499.00,2508.00,2520.00,2565.00,2643.00,2505.00,2514.00,2571.00,2202.00,2481.00,2517.00,2667.00,2793.00,2811.00,2832.00,2832.00,2832.00,2832.00
FL067,2244.00,2244.00,2244.00,2244.00,2355.00,2505.00,2577.00,2664.00,2793.00,2517.00,2616.00,2718.00,2823.00,2943.00,2595.00,2700.00,2835.00,2379.00,2502.00,2712.00,2982.00,3177.00,3201.00,3225.00,3225.00,3225.00,3225.00
FL068,1644.00,1644.00,1644.00,1644.00,1722.00,1740.00,1770.00,1812.00,1887.00,1752.00,1788.00,1839.00,1908.00,1986.00,1779.00,1830.00,1914.00,1731.00,1737.00,1836.00,2013.00,2139.00,2154.00,2166.00,2166.00,2166.00,2166.00
FL069,2970.00,2970.00,2970.00,2970.00,3105.00,3576.00,3717.00,3873.00,4167.00,3594.00,3783.00,3969.00,4242.00,4563.00,3750.00,3942.00,4287.00,3162.00,3573.00,3963.00,4680.00,5196.00,5241.00,5286.00,5286.00,5286.00,5286.00
FL070,1599.00,1599.00,1599.00,1599.00,1713.00,1788.00,1845.00,1917.00,2013.00,1800.00,1875.00,1962.00,2034.00,2121.00,1860.00,1947.00,2043.00,1728.00,1785.00,1956.00,2148.00,2283.00,2298.00,2313.00,2313.00,2313.00,2313.00
FL423,1944.00,1944.00,1944.00,1944.00,2136.00,2157.00,2172.00,2187.00,2256.00,2169.00,2178.00,2202.00,2277.00,2367.00,2175.00,2196.00,2286.00,2145.00,2154.00,2199.00,2394.00,2535.00,2553.00,2571.00,2571.00,2571.00,2571.00
FL424,1755.00,1755.00,1755.00,1755.00,1884.00,1935.00,1968.00,2013.00,2082.00,1947.00,1986.00,2040.00,2100.00,2166.00,1977.00,2031.00,2103.00,1896.00,1932.00,2037.00,2187.00,2295.00,2310.00,2325.00,2325.00,2325.00,2325.00
GA071,2022.00,2022.00,2022.00,2022.00,2058.00,2280.00,2298.00,2307.00,2361.00,2295.00,2304.00,2316.00,2391.00,2502.00,2301.00,2310.00,2403.00,2088.00,2277.00,2313.00,2541.00,2721.00,2742.00,2760.00,2760.00,2760.00,2760.00
GA072,1110.00,1110.00,1110.00,1110.00,1134.00,1152.00,1269.00,1407.00,1587.00,1164.00,1326.00,1491.00,1623.00,1773.00,1299.00,1467.00,1641.00,1143.00,1149.00,1485.00,1824.00,2067.00,2082.00,2094.00,2094.00,2094.00,2094.00
GA073,1452.00,1452.00,1452.00,1452.00,1494.00,1665.00,1680.00,1689.00,1740.00,1677.00,1686.00,1698.00,1767.00,1872.00,1683.00,1692.00,1776.00,1521.00,1662.00,1695.00,1905.00,2073.00,2085.00,2100.00,2100.00,2100.00,2100.00
GA074,1443.00,1443.00,1443.00,1443.00,1539.00,1611.00,1629.00,1656.00,1758.00,1623.00,1641.00,1674.00,1791.00,1929.00,1635.00,1668.00,1809.00,1554.00,1608.00,1671.00,1977.00,2196.00,2211.00,2226.00,2226.00,2226.00,2226.00
GA075,1305.00,1305.00,1305.00,1305.00,1377.00,1518.00,1533.00,1542.00,1590.00,1530.00,1539.00,1551.00,1614.00,1716.00,1536.00,1545.00,1626.00,1401.00,1515.00,1548.00,1749.00,1908.00,1920.00,1932.00,1932.00,1932.00,1932.00
GA076,1341.00,1341.00,1341.00,1341.00,1410.00,1428.00,1491.00,1572.00,1716.00,1440.00,1527.00,1623.00,1752.00,1905.00,1509.00,1608.00,1770.00,1419.00,1425.00,1617.00,1956.00,2199.00,2214.00,2229.00,2229.00,2229.00,2229.00
GA077,1617.00,1617.00,1617.00,1617.00,1731.00,1818.00,1857.00,1908.00,2004.00,1830.00,1878.00,1938.00,2031.00,2133.00,1869.00,1929.00,2040.00,1746.00,1815.00,1935.00,2169.00,2334.00,2352.00,2367.00,2367.00,2367.00,2367.00
GA079,1617.00,1617.00,1617.00,1617.00,1665.00,1884.00,1911.00,1947.00,2013.00,1899.00,1926.00,1968.00,2034.00,2109.00,1920.00,1959.00,2040.00,1698.00,1881.00,1965.00,2130.00,2250.00,2265.00,2280.00,2280.00,2280.00,2280.00
GA080,1491.00,1491.00,1491.00,1491.00,1593.00,1650.00,1710.00,1782.00,1893.00,1662.00,1740.00,1830.00,1917.00,2019.00,1725.00,1815.00,1929.00,1605.00,1647.00,1824.00,2052.00,2217.00,2232.00,2244.00,2244.00,2244.00,2244.00
GA081,1143.00,1143.00,1143.00,1143.00,1155.00,1245.00,1317.00,1404.00,1533.00,1257.00,1353.00,1458.00,1560.00,1680.00,1335.00,1443.00,1575.00,1170.00,1242.00,1452.00,1722.00,1911.00,1923.00,1935.00,1935.00,1935.00,1935.00
HI407,2532.00,2532.00,2532.00,2532.00,2838.00,3456.00,3546.00,3648.00,3798.00,3474.00,3591.00,3711.00,3834.00,3975.00,3570.00,3693.00,3849.00,2913.00,3447.00,3705.00,4023.00,4251.00,4287.00,4320.00,4320.00,4320.00,4320.00
HI408,2670.00,2670.00,2670.00,2670.00,2961.00,3081.00,3258.00,3456.00,3633.00,3093.00,3339.00,3582.00,3651.00,3732.00,3297.00,3546.00,3660.00,2982.00,3078.00,3573.00,3756.00,3882.00,3912.00,3945.00,3945.00,3945.00,3945.00
HI409,1914.00,1914.00,1914.00,1914.00,1989.00,2172.00,2187.00,2196.00,2247.00,2184.00,2193.00,2205.00,2268.00,2349.00,2190.00,2199.00,2274.00,2016.00,2169.00,2202.00,2373.00,2499.00,2517.00,2535.00,2535.00,2535.00,2535.00
HI414,2427.00,2427.00,2427.00,2427.00,2739.00,2910.00,2925.00,2934.00,3000.00,2922.00,2931.00,2943.00,3033.00,3162.00,2928.00,2937.00,3048.00,2766.00,2907.00,2940.00,3207.00,3414.00,3441.00,3468.00,3468.00,3468.00,3468.00
IA082,1269.00,1269.00,1269.00,1269.00,1398.00,1689.00,1743.00,1806.00,1902.00,1704.00,1770.00,1845.00,1923.00,2013.00,1758.00,1833.00,1932.00,1437.00,1686.00,1842.00,2040.00,2184.00,2199.00,2214.00,2214.00,2214.00,2214.00
ID084,1719.00,1719.00,1719.00,1719.00,1734.00,1980.00,1998.00,2025.00,2115.00,1992.00,2010.00,2040.00,2145.00,2268.00,2004.00,2034.00,2157.00,1767.00,1977.00,2037.00,2307.00,2502.00,2520.00,2538.00,2538.00,2538.00,2538.00
ID086,1602.00,1602.00,1602.00,1602.00,1818.00,2193.00,2214.00,2223.00,2289.00,2211.00,2220.00,2232.00,2316.00,2433.00,2217.00,2226.00,2328.00,1866.00,2190.00,2229.00,2472.00,2658.00,2676.00,2694.00,2694.00,2694.00,2694.00
IL088,1050.00,1050.00,1050.00,1050.00,1071.00,1347.00,1413.00,1485.00,1605.00,1362.00,1443.00,1530.00,1635.00,1755.00,1428.00,1518.00,1647.00,1107.00,1344.00,1527.00,1794.00,1986.00,1998.00,2013.00,2013.00,2013.00,2013.00
IL089,1365.00,1365.00,1365.00,1365.00,1470.00,1692.00,1749.00,1818.00,1956.00,1707.00,1779.00,1860.00,1995.00,2151.00,1764.00,1848.00,2013.00,1500.00,1689.00,1857.00,2202.00,2451.00,2469.00,2487.00,2487.00,2487.00,2487.00
IL090,1155.00,1155.00,1155.00,1155.00,1215.00,1632.00,1653.00,1662.00,1695.00,1650.00,1659.00,1671.00,1716.00,1791.00,1656.00,1665.00,1722.00,1269.00,1629.00,1668.00,1815.00,1938.00,1950.00,1962.00,1962.00,1962.00,1962.00
IL092,1683.00,1683.00,1683.00,1683.00,1731.00,2172.00,2331.00,2505.00,2652.00,2193.00,2403.00,2616.00,2667.00,2724.00,2367.00,2583.00,2670.00,1788.00,2169.00,2607.00,2739.00,2829.00,2850.00,2871.00,2871.00,2871.00,2871.00
IL093,1215.00,1215.00,1215.00,1215.00,1218.00,1452.00,1575.00,1713.00,1851.00,1467.00,1632.00,1800.00,1869.00,1947.00,1605.00,1776.00,1875.00,1248.00,1449.00,1794.00,1971.00,2094.00,2106.00,2121.00,2121.00,2121.00,2121.00
IL325,2034.00,2034.00,2034.00,2034.00,2175.00,2301.00,2337.00,2382.00,2478.00,2313.00,2355.00,2409.00,2502.00,2613.00,2346.00,2400.00,2514.00,2196.00,2298.00,2406.00,2646.00,2820.00,2841.00,2862.00,2862.00,2862.00,2862.00
IL335,1035.00,1035.00,1035.00,1035.00,1080.00,1626.00,1647.00,1656.00,1674.00,1644.00,1653.00,1665.00,1686.00,1737.00,1650.00,1659.00,1689.00,1146.00,1620.00,1662.00,1752.00,1833.00,1842.00,1854.00,1854.00,1854.00,1854.00
IN094,1503.00,1503.00,1503.00,1503.00,1611.00,1683.00,1701.00,1731.00,1794.00,1695.00,1713.00,1749.00,1812.00,1884.00,1707.00,1740.00,1818.00,1626.00,1680.00,1746.00,1905.00,2022.00,2034.00,2046.00,2046.00,2046.00,2046.00
IN097,1326.00,1326.00,1326.00,1326.00,1506.00,1524.00,1587.00,1665.00,1791.00,1536.00,1620.00,1713.00,1821.00,1947.00,1602.00,1698.00,1836.00,1515.00,1521.00,1710.00,1989.00,2190.00,2202.00,2217.00,2217.00,2217.00,2217.00
IN338,978.00,978.00,978.00,978.00,1041.00,1080.00,1095.00,1104.00,1155.00,1092.00,1101.00,1113.00,1182.00,1290.00,1098.00,1107.00,1194.00,1050.00,1077.00,1110.00,1323.00,1494.00,1503.00,1509.00,1509.00,1509.00,1509.00
IN399,1272.00,1272.00,1272.00,1272.00,1410.00,1476.00,1614.00,1776.00,1956.00,1488.00,1683.00,1875.00,1986.00,2118.00,1647.00,1848.00,2001.00,1425.00,1473.00,1869.00,2160.00,2367.00,2382.00,2397.00,2397.00,2397.00,2397.00
KS100,1029.00,1029.00,1029.00,1029.00,1107.00,1383.00,1428.00,1482.00,1578.00,1398.00,1452.00,1515.00,1602.00,1704.00,1440.00,1506.00,1614.00,1146.00,1380.00,1512.00,1737.00,1899.00,1911.00,1923.00,1923.00,1923.00,1923.00
KS101,1023.00,1023.00,1023.00,1023.00,1128.00,1413.00,1431.00,1440.00,1497.00,1428.00,1437.00,1449.00,1524.00,1635.00,1434.00,1443.00,1536.00,1167.00,1410.00,1446.00,1671.00,1851.00,1860.00,1872.00,1872.00,1872.00,1872.00
KS102,1452.00,1452.00,1452.00,1452.00,1512.00,1596.00,1650.00,1713.00,1794.00,1608.00,1677.00,1755.00,1809.00,1872.00,1662.00,1743.00,1815.00,1530.00,1593.00,1752.00,1890.00,1989.00,2001.00,2013.00,2013.00,2013.00,2013.00
KS105,1116.00,1116.00,1116.00,1116.00,1284.00,1551.00,1569.00,1578.00,1629.00,1566.00,1575.00,1587.00,1656.00,1764.00,1572.00,1581.00,1668.00,1320.00,1548.00,1584.00,1800.00,1974.00,1986.00,1998.00,1998.00,1998.00,1998.00
KY106,1464.00,1464.00,1464.00,1464.00,1494.00,1665.00,1737.00,1821.00,1935.00,1677.00,1773.00,1875.00,1962.00,2061.00,1755.00,1857.00,1971.00,1521.00,1662.00,1869.00,2094.00,2253.00,2268.00,2283.00,2283.00,2283.00,2283.00
KY107,1323.00,1323.00,1323.00,1323.00,1455.00,1524.00,1539.00,1548.00,1608.00,1536.00,1545.00,1557.00,1638.00,1758.00,1542.00,1551.00,1650.00,1467.00,1521.00,1554.00,1797.00,1986.00,1998.00,2013.00,2013.00,2013.00,2013.00
KY109,1446.00,1446.00,1446.00,1446.00,1557.00,1764.00,1797.00,1839.00,1914.00,1776.00,1815.00,1866.00,1935.00,2013.00,1806.00,1857.00,1941.00,1587.00,1761.00,1863.00,2034.00,2160.00,2172.00,2187.00,2187.00,2187.00,2187.00
KY110,1086.00,1086.00,1086.00,1086.00,1140.00,1434.00,1506.00,1590.00,1704.00,1449.00,1542.00,1641.00,1728.00,1830.00,1524.00,1626.00,1740.00,1179.00,1431.00,1635.00,1863.00,2028.00,2040.00,2052.00,2052.00,2052.00,2052.00
KY339,939.00,939.00,939.00,939.00,1011.00,1227.00,1245.00,1272.00,1383.00,1239.00,1257.00,1287.00,1419.00,1575.00,1251.00,1281.00,1440.00,1041.00,1224.00,1284.00,1629.00,1878.00,1890.00,1902.00,1902.00,1902.00,1902.00
KY430,990.00,990.00,990.00,990.00,1011.00,1329.00,1392.00,1461.00,1557.00,1347.00,1422.00,1506.00,1578.00,1662.00,1407.00,1491.00,1587.00,1053.00,1326.00,1500.00,1689.00,1824.00,1833.00,1845.00,1845.00,1845.00,1845.00
LA113,981.00,981.00,981.00,981.00,1041.00,1392.00,1413.00,1422.00,1497.00,1410.00,1419.00,1431.00,1533.00,1680.00,1416.00,1425.00,1551.00,1086.00,1389.00,1428.00,1731.00,1968.00,1980.00,1992.00,1992.00,1992.00,1992.00
LA114,1479.00,1479.00,1479.00,1479.00,1551.00,1761.00,1806.00,1857.00,1959.00,1773.00,1827.00,1890.00,1986.00,2097.00,1815.00,1881.00,1998.00,1581.00,1758.00,1887.00,2133.00,2310.00,2325.00,2340.00,2340.00,2340.00,2340.00
LA115,924.00,924.00,924.00,924.00,1008.00,1272.00,1311.00,1356.00,1440.00,1284.00,1332.00,1386.00,1461.00,1545.00,1320.00,1377.00,1470.00,1044.00,1269.00,1383.00,1572.00,1710.00,1719.00,1728.00,1728.00,1728.00,1728.00
LA116,1485.00,1485.00,1485.00,1485.00,1644.00,2007.00,2025.00,2034.00,2121.00,2022.00,2031.00,2043.00,2160.00,2316.00,2028.00,2037.00,2178.00,1689.00,2004.00,2040.00,2370.00,2619.00,2640.00,2658.00,2658.00,2658.00,2658.00
LA117,1293.00,1293.00,1293.00,1293.00,1365.00,1614.00,1629.00,1638.00,1689.00,1626.00,1635.00,1647.00,1713.00,1815.00,1632.00,1641.00,1725.00,1398.00,1611.00,1644.00,1848.00,2013.00,2025.00,2037.00,2037.00,2037.00,2037.00
LA118,1416.00,1416.00,1416.00,1416.00,1503.00,1716.00,1797.00,1890.00,2031.00,1728.00,1836.00,1950.00,2064.00,2196.00,1818.00,1932.00,2079.00,1533.00,1713.00,1944.00,2238.00,2448.00,2466.00,2484.00,2484.00,2484.00,2484.00
LA326,1203.00,1203.00,1203.00,1203.00,1305.00,1425.00,1467.00,1524.00,1617.00,1437.00,1494.00,1560.00,1641.00,1737.00,1479.00,1548.00,1650.00,1326.00,1422.00,1557.00,1764.00,1917.00,1929.00,1938.00,1938.00,1938.00,1938.00
LA370,1500.00,1500.00,1500.00,1500.00,1611.00,1971.00,1992.00,2004.00,2061.00,1989.00,1998.00,2019.00,2079.00,2151.00,1995.00,2013.00,2085.00,1659.00,1968.00,2016.00,2172.00,2283.00,2298.00,2316.00,2316.00,2316.00,2316.00
LA371,963.00,963.00,963.00,963.00,1035.00,1317.00,1359.00,1413.00,1497.00,1332.00,1383.00,1443.00,1518.00,1605.00,1371.00,1434.00,1527.00,1074.00,1314.00,1440.00,1632.00,1770.00,1779.00,1788.00,1788.00,1788.00,1788.00
MA119,3081.00,3081.00,3081.00,3081.00,3234.00,3804.00,3891.00,3987.00,4149.00,3822.00,3930.00,4044.00,4188.00,4353.00,3912.00,4029.00,4209.00,3303.00,3798.00,4041.00,4410.00,4677.00,4716.00,4755.00,4755.00,4755.00,4755.00
MA120,2901.00,2901.00,2901.00,2901.00,3081.00,3558.00,3606.00,3660.00,3894.00,3576.00,3630.00,3690.00,3972.00,4302.00,3618.00,3681.00,4017.00,3141.00,3555.00,3687.00,4422.00,4953.00,4995.00,5037.00,5037.00,5037.00,5037.00
MA122,2214.00,2214.00,2214.00,2214.00,2367.00,2550.00,2628.00,2718.00,2853.00,2562.00,2667.00,2775.00,2886.00,3012.00,2646.00,2757.00,2898.00,2394.00,2547.00,2769.00,3054.00,3258.00,3282.00,3309.00,3309.00,3309.00,3309.00
MA123,2199.00,2199.00,2199.00,2199.00,2358.00,2508.00,2679.00,2874.00,3045.00,2520.00,2760.00,2997.00,3063.00,3141.00,2721.00,2961.00,3072.00,2382.00,2505.00,2988.00,3165.00,3288.00,3312.00,3339.00,3339.00,3339.00,3339.00
MA124,2523.00,2523.00,2523.00,2523.00,2562.00,2805.00,2931.00,3069.00,3252.00,2820.00,2988.00,3156.00,3288.00,3441.00,2958.00,3132.00,3306.00,2595.00,2802.00,3150.00,3492.00,3735.00,3765.00,3795.00,3795.00,3795.00,3795.00
MA125,2421.00,2421.00,2421.00,2421.00,2499.00,2802.00,2916.00,3048.00,3249.00,2817.00,2973.00,3129.00,3294.00,3489.00,2946.00,3105.00,3321.00,2541.00,2799.00,3123.00,3555.00,3867.00,3897.00,3930.00,3930.00,3930.00,3930.00
MA126,1644.00,1644.00,1644.00,1644.00,1836.00,2109.00,2175.00,2250.00,2379.00,2124.00,2205.00,2295.00,2412.00,2550.00,2190.00,2283.00,2430.00,1875.00,2106.00,2292.00,2595.00,2811.00,2832.00,2853.00,2853.00,2853.00,2853.00
MA151,2445.00,2445.00,2445.00,2445.00,2628.00,3159.00,3288.00,3426.00,3621.00,3180.00,3345.00,3516.00,3663.00,3834.00,3318.00,3489.00,3684.00,2694.00,3156.00,3507.00,3894.00,4170.00,4203.00,4236.00,4236.00,4236.00,4236.00
MA377,2754.00,2754.00,2754.00,2754.00,2970.00,3351.00,3444.00,3546.00,3774.00,3369.00,3486.00,3612.00,3837.00,4104.00,3465.00,3591.00,3873.00,3018.00,3348.00,3606.00,4200.00,4626.00,4665.00,4704.00,4704.00,4704.00,4704.00
MD127,1902.00,1902.00,1902.00,1902.00,2022.00,2193.00,2280.00,2379.00,2529.00,2205.00,2322.00,2439.00,2562.00,2703.00,2301.00,2421.00,2580.00,2046.00,2190.00,2436.00,2751.00,2979.00,3000.00,3024.00,3024.00,3024.00,3024.00
MD128,2337.00,2337.00,2337.00,2337.00,2463.00,2685.00,2718.00,2757.00,2880.00,2697.00,2736.00,2784.00,2916.00,3072.00,2727.00,2775.00,2937.00,2493.00,2682.00,2781.00,3126.00,3378.00,3402.00,3429.00,3429.00,3429.00,3429.00
MD129,2064.00,2064.00,2064.00,2064.00,2214.00,2397.00,2448.00,2508.00,2634.00,2409.00,2475.00,2547.00,2667.00,2808.00,2460.00,2535.00,2685.00,2241.00,2394.00,2544.00,2856.00,3081.00,3105.00,3129.00,3129.00,3129.00,3129.00
MD130,1860.00,1860.00,1860.00,1860.00,1932.00,2322.00,2343.00,2352.00,2448.00,2340.00,2349.00,2361.00,2484.00,2634.00,2346.00,2355.00,2502.00,1983.00,2319.00,2358.00,2682.00,2922.00,2943.00,2964.00,2964.00,2964.00,2964.00
MD133,2280.00,2280.00,2280.00,2280.00,2436.00,2595.00,2637.00,2688.00,2823.00,2607.00,2658.00,2718.00,2862.00,3027.00,2649.00,2709.00,2883.00,2460.00,2592.00,2715.00,3087.00,3351.00,3378.00,3405.00,3405.00,3405.00,3405.00
MD134,2286.00,2286.00,2286.00,2286.00,2472.00,2499.00,2598.00,2712.00,2862.00,2511.00,2646.00,2784.00,2892.00,3015.00,2622.00,2763.00,2904.00,2481.00,2496.00,2778.00,3057.00,3255.00,3279.00,3306.00,3306.00,3306.00,3306.00
MD135,1899.00,1899.00,1899.00,1899.00,2022.00,2043.00,2058.00,2067.00,2151.00,2055.00,2064.00,2076.00,2181.00,2310.00,2061.00,2070.00,2196.00,2031.00,2040.00,2073.00,2355.00,2562.00,2580.00,2598.00,2598.00,2598.00,2598.00
MD432,1464.00,1464.00,1464.00,1464.00,1551.00,1719.00,1737.00,1746.00,1797.00,1734.00,1743.00,1755.00,1821.00,1926.00,1740.00,1749.00,1833.00,1575.00,1716.00,1752.00,1962.00,2130.00,2142.00,2157.00,2157.00,2157.00,2157.00
MD458,1728.00,1728.00,1728.00,1728.00,1959.00,2268.00,2325.00,2388.00,2463.00,2283.00,2352.00,2427.00,2478.00,2532.00,2337.00,2415.00,2481.00,2001.00,2265.00,2424.00,2547.00,2634.00,2655.00,2673.00,2673.00,2673.00,2673.00
ME136,1263.00,1263.00,1263.00,1263.00,1455.00,1785.00,2166.00,2586.00,2982.00,1809.00,2340.00,2850.00,3030.00,3240.00,2253.00,2775.00,3057.00,1500.00,1782.00,2829.00,3315.00,3654.00,3681.00,3711.00,3711.00,3711.00,3711.00
ME139,2271.00,2271.00,2271.00,2271.00,2316.00,2706.00,2850.00,3006.00,3252.00,2724.00,2913.00,3102.00,3309.00,3549.00,2883.00,3075.00,3342.00,2364.00,2703.00,3096.00,3636.00,4023.00,4056.00,4089.00,4089.00,4089.00,4089.00
ME141,1527.00,1527.00,1527.00,1527.00,1767.00,1911.00,1947.00,1995.00,2094.00,1923.00,1968.00,2025.00,2121.00,2229.00,1959.00,2016.00,2133.00,1791.00,1908.00,2022.00,2265.00,2442.00,2457.00,2475.00,2475.00,2475.00,2475.00
ME390,1278.00,1278.00,1278.00,1278.00,1548.00,1698.00,1761.00,1833.00,1899.00,1710.00,1791.00,1881.00,1905.00,1932.00,1776.00,1866.00,1908.00,1572.00,1695.00,1875.00,1938.00,1980.00,1992.00,2004.00,2004.00,2004.00,2004.00
MI142,1812.00,1812.00,1812.00,1812.00,2061.00,2244.00,2262.00,2289.00,2406.00,2256.00,2274.00,2307.00,2442.00,2604.00,2268.00,2301.00,2463.00,2088.00,2241.00,2304.00,2658.00,2916.00,2940.00,2961.00,2961.00,2961.00,2961.00
MI143,1299.00,1299.00,1299.00,1299.00,1404.00,1734.00,1776.00,1824.00,1920.00,1752.00,1797.00,1854.00,1944.00,2052.00,1788.00,1845.00,1956.00,1449.00,1731.00,1851.00,2088.00,2256.00,2271.00,2286.00,2286.00,2286.00,2286.00
MI145,990.00,990.00,990.00,990.00,1083.00,1275.00,1290.00,1308.00,1374.00,1287.00,1296.00,1323.00,1395.00,1482.00,1293.00,1317.00,1404.00,1110.00,1272.00,1320.00,1509.00,1644.00,1653.00,1662.00,1662.00,1662.00,1662.00
MI146,1611.00,1611.00,1611.00,1611.00,1635.00,1872.00,1992.00,2124.00,2256.00,1887.00,2046.00,2208.00,2274.00,2349.00,2019.00,2184.00,2280.00,1668.00,1869.00,2202.00,2370.00,2490.00,2505.00,2523.00,2523.00,2523.00,2523.00
MI148,1518.00,1518.00,1518.00,1518.00,1641.00,1908.00,1959.00,2016.00,2094.00,1923.00,1983.00,2052.00,2109.00,2175.00,1971.00,2040.00,2115.00,1677.00,1905.00,2049.00,2196.00,2301.00,2316.00,2331.00,2331.00,2331.00,2331.00
MI152,1245.00,1245.00,1245.00,1245.00,1392.00,1725.00,1746.00,1755.00,1869.00,1743.00,1752.00,1764.00,1914.00,2103.00,1749.00,1758.00,1938.00,1437.00,1722.00,1761.00,2169.00,2472.00,2490.00,2508.00,2508.00,2508.00,2508.00
MI153,1293.00,1293.00,1293.00,1293.00,1479.00,1617.00,1656.00,1704.00,1809.00,1629.00,1677.00,1737.00,1836.00,1953.00,1665.00,1728.00,1848.00,1500.00,1614.00,1734.00,1989.00,2175.00,2190.00,2205.00,2205.00,2205.00,2205.00
MI154,1419.00,1419.00,1419.00,1419.00,1512.00,1878.00,1899.00,1908.00,1962.00,1896.00,1905.00,1917.00,1989.00,2100.00,1902.00,1911.00,2001.00,1560.00,1875.00,1914.00,2136.00,2313.00,2328.00,2343.00,2343.00,2343.00,2343.00
MI155,1767.00,1767.00,1767.00,1767.00,1962.00,2286.00,2436.00,2601.00,2763.00,2304.00,2505.00,2706.00,2784.00,2871.00,2472.00,2676.00,2793.00,2004.00,2283.00,2697.00,2901.00,3039.00,3063.00,3087.00,3087.00,3087.00,3087.00
MI156,1080.00,1080.00,1080.00,1080.00,1191.00,1386.00,1401.00,1410.00,1449.00,1398.00,1407.00,1422.00,1464.00,1512.00,1404.00,1416.00,1467.00,1221.00,1383.00,1419.00,1524.00,1605.00,1614.00,1620.00,1620.00,1620.00,1620.00
MN158,1647.00,1647.00,1647.00,1647.00,1665.00,1707.00,1755.00,1815.00,1881.00,1719.00,1782.00,1854.00,1893.00,1938.00,1767.00,1842.00,1896.00,1677.00,1704.00,1851.00,1950.00,2019.00,2031.00,2043.00,2043.00,2043.00,2043.00
MN159,1731.00,1731.00,1731.00,1731.00,1926.00,2157.00,2190.00,2232.00,2310.00,2172.00,2208.00,2259.00,2334.00,2421.00,2199.00,2250.00,2340.00,1959.00,2154.00,2256.00,2448.00,2586.00,2604.00,2622.00,2622.00,2622.00,2622.00
MO160,1557.00,1557.00,1557.00,1557.00,1629.00,1647.00,1719.00,1806.00,1887.00,1659.00,1755.00,1860.00,1899.00,1941.00,1737.00,1845.00,1902.00,1638.00,1644.00,1854.00,1950.00,2016.00,2028.00,2040.00,2040.00,2040.00,2040.00
MO161,1584.00,1584.00,1584.00,1584.00,1602.00,1914.00,1965.00,2022.00,2100.00,1929.00,1989.00,2058.00,2118.00,2187.00,1977.00,2046.00,2124.00,1641.00,1911.00,2055.00,2205.00,2313.00,2328.00,2343.00,2343.00,2343.00,2343.00
MO162,981.00,981.00,981.00,981.00,1077.00,1272.00,1377.00,1494.00,1617.00,1284.00,1425.00,1569.00,1635.00,1707.00,1401.00,1548.00,1641.00,1104.00,1269.00,1563.00,1728.00,1845.00,1857.00,1866.00,1866.00,1866.00,1866.00
MO163,879.00,879.00,879.00,879.00,906.00,1047.00,1140.00,1248.00,1356.00,1059.00,1185.00,1317.00,1371.00,1434.00,1164.00,1296.00,1377.00,930.00,1044.00,1311.00,1452.00,1548.00,1557.00,1566.00,1566.00,1566.00,1566.00
MO164,1017.00,1017.00,1017.00,1017.00,1089.00,1317.00,1380.00,1452.00,1602.00,1332.00,1410.00,1497.00,1641.00,1809.00,1395.00,1482.00,1662.00,1122.00,1314.00,1491.00,1869.00,2139.00,2151.00,2166.00,2166.00,2166.00,2166.00
MO165,993.00,993.00,993.00,993.00,1023.00,1092.00,1269.00,1467.00,1620.00,1107.00,1350.00,1593.00,1632.00,1674.00,1311.00,1557.00,1635.00,1035.00,1089.00,1584.00,1683.00,1749.00,1758.00,1767.00,1767.00,1767.00,1767.00
MO344,990.00,990.00,990.00,990.00,1104.00,1239.00,1254.00,1275.00,1305.00,1251.00,1263.00,1290.00,1311.00,1338.00,1257.00,1284.00,1314.00,1125.00,1236.00,1287.00,1344.00,1386.00,1392.00,1398.00,1398.00,1398.00,1398.00
MS168,1203.00,1203.00,1203.00,1203.00,1296.00,1356.00,1413.00,1485.00,1593.00,1368.00,1443.00,1530.00,1620.00,1725.00,1428.00,1515.00,1629.00,1308.00,1353.00,1524.00,1758.00,1923.00,1935.00,1947.00,1947.00,1947.00,1947.00
MS169,966.00,966.00,966.00,966.00,1035.00,1245.00,1323.00,1410.00,1524.00,1257.00,1359.00,1467.00,1548.00,1641.00,1341.00,1449.00,1557.00,1065.00,1242.00,1461.00,1668.00,1818.00,1827.00,1839.00,1839.00,1839.00,1839.00
MS170,1398.00,1398.00,1398.00,1398.00,1485.00,1689.00,1737.00,1794.00,1896.00,1701.00,1761.00,1830.00,1920.00,2025.00,1749.00,1818.00,1932.00,1512.00,1686.00,1827.00,2058.00,2223.00,2238.00,2250.00,2250.00,2250.00,2250.00
MS171,972.00,972.00,972.00,972.00,1017.00,1245.00,1335.00,1437.00,1560.00,1260.00,1377.00,1500.00,1584.00,1680.00,1356.00,1482.00,1593.00,1047.00,1242.00,1494.00,1710.00,1860.00,1872.00,1884.00,1884.00,1884.00,1884.00
MS172,1230.00,1230.00,1230.00,1230.00,1233.00,1293.00,1389.00,1500.00,1623.00,1305.00,1437.00,1572.00,1644.00,1725.00,1413.00,1551.00,1650.00,1242.00,1290.00,1566.00,1752.00,1881.00,1893.00,1905.00,1905.00,1905.00,1905.00
MT175,1011.00,1011.00,1011.00,1011.00,1071.00,1326.00,1404.00,1494.00,1599.00,1341.00,1443.00,1551.00,1617.00,1695.00,1425.00,1533.00,1623.00,1107.00,1323.00,1545.00,1716.00,1836.00,1848.00,1860.00,1860.00,1860.00,1860.00
MT347,1131.00,1131.00,1131.00,1131.00,1233.00,1617.00,1716.00,1824.00,1959.00,1635.00,1761.00,1893.00,1986.00,2091.00,1737.00,1872.00,1995.00,1284.00,1614.00,1887.00,2127.00,2298.00,2313.00,2328.00,2328.00,2328.00,2328.00
NC176,1692.00,1692.00,1692.00,1692.00,1770.00,1878.00,1893.00,1902.00,1977.00,1890.00,1899.00,1911.00,2004.00,2115.00,1896.00,1905.00,2016.00,1788.00,1875.00,1908.00,2154.00,2331.00,2346.00,2361.00,2361.00,2361.00,2361.00
NC177,1386.00,1386.00,1386.00,1386.00,1389.00,1458.00,1521.00,1596.00,1701.00,1470.00,1554.00,1644.00,1725.00,1815.00,1536.00,1629.00,1734.00,1401.00,1455.00,1638.00,1845.00,1992.00,2004.00,2019.00,2019.00,2019.00,2019.00
NC178,1386.00,1386.00,1386.00,1386.00,1416.00,1446.00,1503.00,1569.00,1653.00,1458.00,1530.00,1614.00,1668.00,1728.00,1518.00,1599.00,1671.00,1425.00,1443.00,1608.00,1746.00,1845.00,1854.00,1866.00,1866.00,1866.00,1866.00
NC179,1644.00,1644.00,1644.00,1644.00,1800.00,1929.00,1944.00,1953.00,2007.00,1941.00,1950.00,1965.00,2022.00,2094.00,1947.00,1959.00,2028.00,1821.00,1926.00,1962.00,2115.00,2229.00,2244.00,2259.00,2259.00,2259.00,2259.00
NC180,1644.00,1644.00,1644.00,1644.00,1707.00,1950.00,1968.00,1980.00,2100.00,1965.00,1974.00,1992.00,2142.00,2322.00,1971.00,1986.00,2166.00,1740.00,1947.00,1989.00,2385.00,2673.00,2694.00,2712.00,2712.00,2712.00,2712.00
NC181,1545.00,1545.00,1545.00,1545.00,1641.00,1980.00,1998.00,2007.00,2079.00,1995.00,2004.00,2016.00,2112.00,2253.00,2001.00,2010.00,2130.00,1683.00,1977.00,2013.00,2301.00,2526.00,2544.00,2562.00,2562.00,2562.00,2562.00
NC182,1401.00,1401.00,1401.00,1401.00,1479.00,1701.00,1725.00,1758.00,1812.00,1716.00,1740.00,1776.00,1824.00,1881.00,1734.00,1770.00,1830.00,1512.00,1698.00,1773.00,1896.00,1983.00,1995.00,2007.00,2007.00,2007.00,2007.00
NC183,1089.00,1089.00,1089.00,1089.00,1116.00,1290.00,1410.00,1545.00,1698.00,1305.00,1467.00,1632.00,1725.00,1833.00,1440.00,1608.00,1737.00,1143.00,1287.00,1626.00,1869.00,2040.00,2052.00,2067.00,2067.00,2067.00,2067.00
NC184,1290.00,1290.00,1290.00,1290.00,1407.00,1623.00,1710.00,1812.00,1917.00,1635.00,1752.00,1875.00,1935.00,2004.00,1731.00,1857.00,1941.00,1437.00,1620.00,1869.00,2025.00,2133.00,2148.00,2163.00,2163.00,2163.00,2163.00
NC185,1617.00,1617.00,1617.00,1617.00,1740.00,1803.00,1872.00,1956.00,2076.00,1815.00,1908.00,2010.00,2103.00,2208.00,1890.00,1995.00,2115.00,1752.00,1800.00,2007.00,2244.00,2415.00,2430.00,2448.00,2448.00,2448.00,2448.00
NC186,1512.00,1512.00,1512.00,1512.00,1614.00,1878.00,1896.00,1905.00,1989.00,1893.00,1902.00,1914.00,2028.00,2190.00,1899.00,1908.00,2049.00,1650.00,1875.00,1911.00,2247.00,2505.00,2523.00,2538.00,2538.00,2538.00,2538.00
NC187,1677.00,1677.00,1677.00,1677.00,1839.00,1983.00,2046.00,2121.00,2238.00,1995.00,2079.00,2169.00,2265.00,2376.00,2061.00,2154.00,2277.00,1860.00,1980.00,2163.00,2409.00,2586.00,2604.00,2625.00,2625.00,2625.00,2625.00
ND188,1185.00,1185.00,1185.00,1185.00,1308.00,1911.00,1932.00,1941.00,1983.00,1929.00,1938.00,1950.00,2004.00,2088.00,1935.00,1944.00,2013.00,1383.00,1905.00,1947.00,2115.00,2247.00,2262.00,2277.00,2277.00,2277.00,2277.00
ND189,996.00,996.00,996.00,996.00,1095.00,1653.00,1674.00,1683.00,1698.00,1671.00,1680.00,1692.00,1710.00,1755.00,1677.00,1686.00,1713.00,1164.00,1650.00,1689.00,1767.00,1836.00,1848.00,1860.00,1860.00,1860.00,1860.00
ND190,1290.00,1290.00,1290.00,1290.00,1428.00,1614.00,1629.00,1638.00,1683.00,1626.00,1635.00,1647.00,1707.00,1806.00,1632.00,1641.00,1719.00,1455.00,1611.00,1644.00,1836.00,1992.00,2004.00,2019.00,2019.00,2019.00,2019.00
ND191,1185.00,1185.00,1185.00,1185.00,1284.00,1692.00,1713.00,1722.00,1737.00,1710.00,1719.00,1731.00,1749.00,1797.00,1716.00,1725.00,1752.00,1338.00,1689.00,1728.00,1809.00,1884.00,1896.00,1908.00,1908.00,1908.00,1908.00
NE192,1317.00,1317.00,1317.00,1317.00,1422.00,1719.00,1743.00,1773.00,1866.00,1734.00,1758.00,1794.00,1893.00,2010.00,1749.00,1785.00,1908.00,1461.00,1716.00,1791.00,2049.00,2238.00,2253.00,2268.00,2268.00,2268.00,2268.00
NE193,1146.00,1146.00,1146.00,1146.00,1206.00,1671.00,1692.00,1701.00,1716.00,1689.00,1698.00,1710.00,1728.00,1779.00,1695.00,1704.00,1731.00,1266.00,1668.00,1707.00,1791.00,1869.00,1881.00,1893.00,1893.00,1893.00,1893.00
NH194,2049.00,2049.00,2049.00,2049.00,2190.00,2670.00,2901.00,3153.00,3393.00,2691.00,3006.00,3312.00,3423.00,3555.00,2952.00,3267.00,3438.00,2250.00,2664.00,3300.00,3597.00,3807.00,3837.00,3867.00,3867.00,3867.00,3867.00
NH195,2121.00,2121.00,2121.00,2121.00,2277.00,2574.00,2745.00,2937.00,3138.00,2589.00,2826.00,3057.00,3168.00,3297.00,2784.00,3021.00,3183.00,2316.00,2571.00,3048.00,3342.00,3546.00,3576.00,3603.00,3603.00,3603.00,3603.00
NJ196,1983.00,1983.00,1983.00,1983.00,2097.00,2337.00,2442.00,2559.00,2745.00,2352.00,2490.00,2631.00,2787.00,2970.00,2466.00,2610.00,2811.00,2130.00,2334.00,2625.00,3033.00,3324.00,3348.00,3375.00,3375.00,3375.00,3375.00
NJ198,1500.00,1500.00,1500.00,1500.00,1626.00,1875.00,1965.00,2064.00,2205.00,1890.00,2007.00,2127.00,2232.00,2355.00,1986.00,2109.00,2247.00,1659.00,1872.00,2124.00,2394.00,2589.00,2607.00,2628.00,2628.00,2628.00,2628.00
NJ200,2667.00,2667.00,2667.00,2667.00,2733.00,2913.00,2997.00,3096.00,3321.00,2925.00,3039.00,3159.00,3384.00,3648.00,3018.00,3141.00,3420.00,2760.00,2910.00,3153.00,3744.00,4170.00,4203.00,4236.00,4236.00,4236.00,4236.00
NJ201,2187.00,2187.00,2187.00,2187.00,2325.00,2874.00,2901.00,2934.00,3045.00,2892.00,2916.00,2952.00,3081.00,3231.00,2910.00,2946.00,3099.00,2394.00,2868.00,2949.00,3285.00,3525.00,3552.00,3582.00,3582.00,3582.00,3582.00
NJ202,2865.00,2865.00,2865.00,2865.00,3135.00,3405.00,3423.00,3435.00,3573.00,3420.00,3429.00,3447.00,3621.00,3831.00,3426.00,3441.00,3648.00,3171.00,3402.00,3444.00,3903.00,4236.00,4272.00,4305.00,4305.00,4305.00,4305.00
NJ203,2439.00,2439.00,2439.00,2439.00,2724.00,3024.00,3042.00,3051.00,3159.00,3039.00,3048.00,3060.00,3204.00,3405.00,3045.00,3054.00,3231.00,2766.00,3021.00,3057.00,3474.00,3792.00,3822.00,3852.00,3852.00,3852.00,3852.00
NJ204,2064.00,2064.00,2064.00,2064.00,2148.00,2577.00,2598.00,2613.00,2679.00,2595.00,2604.00,2628.00,2700.00,2787.00,2601.00,2622.00,2709.00,2202.00,2574.00,2625.00,2814.00,2949.00,2973.00,2994.00,2994.00,2994.00,2994.00
NM205,1206.00,1206.00,1206.00,1206.00,1317.00,1554.00,1572.00,1581.00,1611.00,1569.00,1578.00,1590.00,1623.00,1677.00,1575.00,1584.00,1626.00,1350.00,1551.00,1587.00,1689.00,1773.00,1782.00,1791.00,1791.00,1791.00,1791.00
NM206,1632.00,1632.00,1632.00,1632.00,1788.00,1806.00,1821.00,1830.00,1854.00,1818.00,1827.00,1839.00,1869.00,1920.00,1824.00,1833.00,1872.00,1797.00,1803.00,1836.00,1935.00,2019.00,2031.00,2043.00,2043.00,2043.00,2043.00
NM207,993.00,993.00,993.00,993.00,1068.00,1305.00,1380.00,1464.00,1548.00,1320.00,1413.00,1515.00,1560.00,1611.00,1398.00,1500.00,1563.00,1101.00,1302.00,1512.00,1623.00,1704.00,1713.00,1722.00,1722.00,1722.00,1722.00
NM209,1113.00,1113.00,1113.00,1113.00,1311.00,1476.00,1491.00,1500.00,1524.00,1488.00,1497.00,1509.00,1533.00,1575.00,1494.00,1503.00,1536.00,1335.00,1473.00,1506.00,1587.00,1653.00,1662.00,1671.00,1671.00,1671.00,1671.00
NM210,1677.00,1677.00,1677.00,1677.00,1812.00,2244.00,2457.00,2688.00,2922.00,2265.00,2553.00,2835.00,2955.00,3099.00,2505.00,2793.00,2973.00,1866.00,2241.00,2823.00,3144.00,3372.00,3399.00,3423.00,3423.00,3423.00,3423.00
NV211,1293.00,1293.00,1293.00,1293.00,1386.00,1500.00,1632.00,1785.00,1917.00,1512.00,1698.00,1881.00,1932.00,1989.00,1665.00,1854.00,1935.00,1407.00,1497.00,1875.00,2004.00,2094.00,2106.00,2121.00,2121.00,2121.00,2121.00
NV212,1794.00,1794.00,1794.00,1794.00,1848.00,2016.00,2046.00,2088.00,2166.00,2028.00,2064.00,2115.00,2187.00,2274.00,2055.00,2106.00,2196.00,1875.00,2013.00,2112.00,2301.00,2436.00,2454.00,2469.00,2469.00,2469.00,2469.00
NV213,1974.00,1974.00,1974.00,1974.00,2088.00,2286.00,2301.00,2310.00,2385.00,2298.00,2307.00,2319.00,2421.00,2565.00,2304.00,2313.00,2439.00,2118.00,2283.00,2316.00,2613.00,2847.00,2868.00,2889.00,2889.00,2889.00,2889.00
NY215,2055.00,2055.00,2055.00,2055.00,2229.00,2286.00,2361.00,2451.00,2568.00,2298.00,2400.00,2508.00,2592.00,2691.00,2382.00,2493.00,2604.00,2241.00,2283.00,2505.00,2721.00,2874.00,2895.00,2919.00,2919.00,2919.00,2919.00
NY216,1851.00,1851.00,1851.00,1851.00,2031.00,2142.00,2232.00,2340.00,2499.00,2154.00,2277.00,2409.00,2532.00,2679.00,2256.00,2388.00,2550.00,2049.00,2139.00,2403.00,2730.00,2961.00,2985.00,3006.00,3006.00,3006.00,3006.00
NY217,2262.00,2262.00,2262.00,2262.00,2400.00,2928.00,2949.00,2970.00,3090.00,2946.00,2958.00,2985.00,3129.00,3300.00,2955.00,2979.00,3150.00,2466.00,2922.00,2982.00,3357.00,3627.00,3657.00,3687.00,3687.00,3687.00,3687.00
NY218,3771.00,3771.00,3771.00,3771.00,4140.00,4215.00,4230.00,4239.00,4332.00,4227.00,4236.00,4248.00,4371.00,4548.00,4233.00,4242.00,4395.00,4155.00,4212.00,4245.00,4608.00,4887.00,4926.00,4968.00,4968.00,4968.00,4968.00
NY219,3198.00,3198.00,3198.00,3198.00,3345.00,3465.00,3681.00,3924.00,4236.00,3477.00,3783.00,4080.00,4296.00,4551.00,3732.00,4035.00,4332.00,3366.00,3462.00,4065.00,4641.00,5052.00,5094.00,5136.00,5136.00,5136.00,5136.00
NY221,1437.00,1437.00,1437.00,1437.00,1608.00,1908.00,1947.00,1995.00,2103.00,1923.00,1968.00,2022.00,2136.00,2268.00,1956.00,2013.00,2151.00,1650.00,1905.00,2019.00,2313.00,2526.00,2544.00,2562.00,2562.00,2562.00,2562.00
NY222,1392.00,1392.00,1392.00,1392.00,1512.00,1845.00,1929.00,2025.00,2124.00,1860.00,1971.00,2085.00,2142.00,2205.00,1950.00,2067.00,2145.00,1554.00,1842.00,2079.00,2220.00,2322.00,2337.00,2352.00,2352.00,2352.00,2352.00
NY223,1401.00,1401.00,1401.00,1401.00,1650.00,1755.00,1824.00,1905.00,2019.00,1767.00,1857.00,1959.00,2043.00,2139.00,1842.00,1944.00,2052.00,1668.00,1752.00,1953.00,2169.00,2325.00,2340.00,2355.00,2355.00,2355.00,2355.00
NY225,1296.00,1296.00,1296.00,1296.00,1353.00,1536.00,1722.00,1932.00,2094.00,1551.00,1809.00,2064.00,2106.00,2151.00,1767.00,2025.00,2109.00,1380.00,1533.00,2052.00,2163.00,2238.00,2253.00,2268.00,2268.00,2268.00,2268.00
NY349,3240.00,3240.00,3240.00,3240.00,3321.00,4272.00,4383.00,4503.00,4743.00,4290.00,4434.00,4578.00,4806.00,5073.00,4407.00,4557.00,4842.00,3432.00,4260.00,4572.00,5172.00,5601.00,5649.00,5697.00,5697.00,5697.00,5697.00
NY413,2817.00,2817.00,2817.00,2817.00,2868.00,3249.00,3312.00,3384.00,3540.00,3264.00,3342.00,3429.00,3582.00,3762.00,3327.00,3417.00,3606.00,2919.00,3246.00,3426.00,3825.00,4113.00,4146.00,4179.00,4179.00,4179.00,4179.00
OH227,1200.00,1200.00,1200.00,1200.00,1236.00,1602.00,1641.00,1686.00,1797.00,1617.00,1659.00,1713.00,1830.00,1965.00,1650.00,1704.00,1845.00,1281.00,1599.00,1710.00,2013.00,2229.00,2244.00,2259.00,2259.00,2259.00,2259.00
OH228,1608.00,1608.00,1608.00,1608.00,1713.00,2145.00,2166.00,2175.00,2211.00,2163.00,2172.00,2184.00,2232.00,2310.00,2169.00,2178.00,2238.00,1767.00,2142.00,2181.00,2334.00,2460.00,2478.00,2496.00,2496.00,2496.00,2496.00
OH229,1437.00,1437.00,1437.00,1437.00,1590.00,1800.00,1815.00,1824.00,1881.00,1812.00,1821.00,1833.00,1908.00,2022.00,1818.00,1827.00,1920.00,1620.00,1797.00,1830.00,2058.00,2238.00,2253.00,2268.00,2268.00,2268.00,2268.00
OH230,1392.00,1392.00,1392.00,1392.00,1428.00,1782.00,1890.00,2007.00,2124.00,1800.00,1938.00,2079.00,2142.00,2214.00,1914.00,2058.00,2148.00,1476.00,1779.00,2073.00,2238.00,2352.00,2367.00,2382.00,2382.00,2382.00,2382.00
OH231,1176.00,1176.00,1176.00,1176.00,1221.00,1449.00,1488.00,1536.00,1641.00,1464.00,1509.00,1566.00,1674.00,1797.00,1500.00,1557.00,1686.00,1251.00,1446.00,1563.00,1839.00,2037.00,2052.00,2064.00,2064.00,2064.00,2064.00
OH232,1443.00,1443.00,1443.00,1443.00,1485.00,1755.00,1800.00,1851.00,1974.00,1770.00,1821.00,1881.00,2010.00,2160.00,1809.00,1872.00,2028.00,1521.00,1752.00,1878.00,2211.00,2448.00,2466.00,2484.00,2484.00,2484.00,2484.00
OH233,927.00,927.00,927.00,927.00,1005.00,1083.00,1200.00,1335.00,1425.00,1095.00,1257.00,1419.00,1428.00,1437.00,1227.00,1395.00,1431.00,1020.00,1080.00,1413.00,1440.00,1443.00,1449.00,1458.00,1458.00,1458.00,1458.00
OK235,984.00,984.00,984.00,984.00,1074.00,1284.00,1392.00,1515.00,1641.00,1299.00,1443.00,1593.00,1662.00,1740.00,1419.00,1569.00,1668.00,1104.00,1281.00,1587.00,1761.00,1887.00,1896.00,1908.00,1908.00,1908.00,1908.00
OK236,930.00,930.00,930.00,930.00,1080.00,1260.00,1350.00,1452.00,1584.00,1272.00,1392.00,1515.00,1611.00,1722.00,1371.00,1497.00,1623.00,1107.00,1257.00,1512.00,1758.00,1935.00,1947.00,1959.00,1959.00,1959.00,1959.00
OK237,996.00,996.00,996.00,996.00,1077.00,1287.00,1377.00,1479.00,1605.00,1299.00,1419.00,1545.00,1629.00,1728.00,1398.00,1524.00,1638.00,1107.00,1284.00,1539.00,1758.00,1914.00,1926.00,1938.00,1938.00,1938.00,1938.00
OK239,1278.00,1278.00,1278.00,1278.00,1404.00,1482.00,1557.00,1647.00,1740.00,1494.00,1596.00,1704.00,1755.00,1812.00,1578.00,1686.00,1758.00,1419.00,1479.00,1698.00,1827.00,1917.00,1929.00,1941.00,1941.00,1941.00,1941.00
OK240,1146.00,1146.00,1146.00,1146.00,1185.00,1407.00,1470.00,1539.00,1671.00,1422.00,1500.00,1584.00,1704.00,1839.00,1485.00,1572.00,1719.00,1215.00,1404.00,1581.00,1887.00,2106.00,2118.00,2133.00,2133.00,2133.00,2133.00
OR241,1431.00,1431.00,1431.00,1431.00,1560.00,1878.00,1917.00,1962.00,2049.00,1896.00,1938.00,1989.00,2070.00,2166.00,1926.00,1980.00,2079.00,1602.00,1875.00,1986.00,2193.00,2343.00,2361.00,2376.00,2376.00,2376.00,2376.00
OR242,1449.00,1449.00,1449.00,1449.00,1533.00,1818.00,1923.00,2037.00,2169.00,1833.00,1971.00,2109.00,2190.00,2286.00,1947.00,2088.00,2199.00,1572.00,1815.00,2103.00,2313.00,2463.00,2481.00,2499.00,2499.00,2499.00,2499.00
OR243,2196.00,2196.00,2196.00,2196.00,2199.00,2571.00,2646.00,2730.00,2886.00,2589.00,2682.00,2784.00,2925.00,3093.00,2664.00,2766.00,2946.00,2244.00,2568.00,2778.00,3150.00,3417.00,3444.00,3471.00,3471.00,3471.00,3471.00
OR244,1467.00,1467.00,1467.00,1467.00,1545.00,1911.00,1986.00,2067.00,2184.00,1929.00,2019.00,2118.00,2211.00,2319.00,2004.00,2103.00,2223.00,1593.00,1908.00,2112.00,2355.00,2526.00,2544.00,2562.00,2562.00,2562.00,2562.00
OR245,1749.00,1749.00,1749.00,1749.00,1932.00,2286.00,2355.00,2436.00,2601.00,2301.00,2388.00,2484.00,2646.00,2832.00,2373.00,2469.00,2670.00,1980.00,2283.00,2481.00,2898.00,3198.00,3222.00,3249.00,3249.00,3249.00,3249.00
OR246,1824.00,1824.00,1824.00,1824.00,1992.00,2229.00,2253.00,2286.00,2373.00,2244.00,2268.00,2304.00,2397.00,2508.00,2262.00,2298.00,2409.00,2025.00,2226.00,2301.00,2544.00,2718.00,2736.00,2757.00,2757.00,2757.00,2757.00
PA247,1548.00,1548.00,1548.00,1548.00,1671.00,2013.00,2055.00,2100.00,2214.00,2031.00,2073.00,2127.00,2247.00,2388.00,2064.00,2118.00,2265.00,1716.00,2010.00,2124.00,2433.00,2658.00,2676.00,2697.00,2697.00,2697.00,2697.00
PA248,2022.00,2022.00,2022.00,2022.00,2184.00,2274.00,2289.00,2310.00,2415.00,2286.00,2298.00,2328.00,2451.00,2595.00,2292.00,2319.00,2466.00,2199.00,2271.00,2325.00,2646.00,2877.00,2898.00,2919.00,2919.00,2919.00,2919.00
PA249,2175.00,2175.00,2175.00,2175.00,2394.00,2709.00,2727.00,2745.00,2835.00,2724.00,2733.00,2760.00,2865.00,2988.00,2730.00,2754.00,2877.00,2436.00,2706.00,2757.00,3027.00,3225.00,3249.00,3273.00,3273.00,3273.00,3273.00
PA250,1716.00,1716.00,1716.00,1716.00,1842.00,2124.00,2142.00,2157.00,2271.00,2139.00,2148.00,2172.00,2310.00,2472.00,2145.00,2166.00,2331.00,1881.00,2121.00,2169.00,2529.00,2790.00,2811.00,2832.00,2832.00,2832.00,2832.00
PA252,1266.00,1266.00,1266.00,1266.00,1410.00,1644.00,1773.00,1917.00,2070.00,1659.00,1833.00,2007.00,2094.00,2196.00,1803.00,1980.00,2106.00,1443.00,1641.00,1998.00,2229.00,2391.00,2406.00,2424.00,2424.00,2424.00,2424.00
PA253,1374.00,1374.00,1374.00,1374.00,1377.00,1587.00,1602.00,1611.00,1641.00,1599.00,1608.00,1620.00,1656.00,1716.00,1605.00,1614.00,1662.00,1404.00,1584.00,1617.00,1734.00,1827.00,1839.00,1848.00,1848.00,1848.00,1848.00
PA254,1482.00,1482.00,1482.00,1482.00,1563.00,1878.00,1896.00,1905.00,1926.00,1893.00,1902.00,1914.00,1938.00,1995.00,1899.00,1908.00,1941.00,1605.00,1875.00,1911.00,2007.00,2094.00,2109.00,2121.00,2121.00,2121.00,2121.00
PA255,1854.00,1854.00,1854.00,1854.00,1956.00,2244.00,2262.00,2271.00,2394.00,2259.00,2268.00,2280.00,2442.00,2643.00,2265.00,2274.00,2469.00,1995.00,2241.00,2277.00,2715.00,3042.00,3063.00,3087.00,3087.00,3087.00,3087.00
RI256,1920.00,1920.00,1920.00,1920.00,2013.00,2532.00,2751.00,2991.00,3234.00,2553.00,2850.00,3144.00,3270.00,3417.00,2802.00,3099.00,3288.00,2079.00,2526.00,3132.00,3468.00,3702.00,3732.00,3762.00,3762.00,3762.00,3762.00
RI257,2112.00,2112.00,2112.00,2112.00,2259.00,2322.00,2430.00,2556.00,2742.00,2334.00,2484.00,2637.00,2784.00,2955.00,2457.00,2613.00,2805.00,2271.00,2319.00,2631.00,3012.00,3285.00,3312.00,3336.00,3336.00,3336.00,3336.00
SC258,1764.00,1764.00,1764.00,1764.00,1821.00,2112.00,2172.00,2241.00,2334.00,2127.00,2202.00,2286.00,2352.00,2430.00,2187.00,2271.00,2358.00,1860.00,2109.00,2280.00,2451.00,2574.00,2592.00,2610.00,2610.00,2610.00,2610.00
SC259,1782.00,1782.00,1782.00,1782.00,1806.00,2169.00,2187.00,2196.00,2247.00,2184.00,2193.00,2205.00,2271.00,2364.00,2190.00,2199.00,2280.00,1854.00,2166.00,2202.00,2391.00,2538.00,2556.00,2574.00,2574.00,2574.00,2574.00
SC260,1542.00,1542.00,1542.00,1542.00,1572.00,1803.00,1839.00,1881.00,1953.00,1818.00,1857.00,1908.00,1971.00,2043.00,1848.00,1899.00,1977.00,1605.00,1800.00,1905.00,2064.00,2181.00,2193.00,2208.00,2208.00,2208.00,2208.00
SC261,1452.00,1452.00,1452.00,1452.00,1545.00,1725.00,1746.00,1779.00,1863.00,1737.00,1761.00,1797.00,1887.00,1995.00,1755.00,1791.00,1899.00,1572.00,1722.00,1794.00,2028.00,2199.00,2211.00,2226.00,2226.00,2226.00,2226.00
SC262,1500.00,1500.00,1500.00,1500.00,1566.00,1776.00,1842.00,1920.00,2052.00,1788.00,1875.00,1968.00,2082.00,2214.00,1860.00,1956.00,2097.00,1596.00,1773.00,1965.00,2259.00,2472.00,2487.00,2505.00,2505.00,2505.00,2505.00
SC263,1068.00,1068.00,1068.00,1068.00,1113.00,1305.00,1368.00,1446.00,1590.00,1317.00,1401.00,1494.00,1626.00,1782.00,1386.00,1479.00,1647.00,1143.00,1302.00,1488.00,1836.00,2085.00,2100.00,2112.00,2112.00,2112.00,2112.00
SD264,1314.00,1314.00,1314.00,1314.00,1461.00,1680.00,1701.00,1731.00,1821.00,1692.00,1716.00,1752.00,1851.00,1965.00,1707.00,1743.00,1863.00,1494.00,1677.00,1749.00,2004.00,2190.00,2202.00,2217.00,2217.00,2217.00,2217.00
SD265,1122.00,1122.00,1122.00,1122.00,1257.00,1524.00,1548.00,1578.00,1677.00,1539.00,1563.00,1599.00,1707.00,1833.00,1554.00,1590.00,1722.00,1293.00,1521.00,1596.00,1875.00,2076.00,2091.00,2103.00,2103.00,2103.00,2103.00
TN266,1518.00,1518.00,1518.00,1518.00,1608.00,1800.00,1833.00,1875.00,2013.00,1812.00,1851.00,1899.00,2058.00,2244.00,1842.00,1890.00,2082.00,1635.00,1797.00,1896.00,2307.00,2604.00,2622.00,2640.00,2640.00,2640.00,2640.00
TN267,1377.00,1377.00,1377.00,1377.00,1470.00,1758.00,1839.00,1929.00,2070.00,1773.00,1878.00,1986.00,2103.00,2238.00,1857.00,1968.00,2118.00,1509.00,1755.00,1980.00,2283.00,2502.00,2520.00,2535.00,2535.00,2535.00,2535.00
TN268,1896.00,1896.00,1896.00,1896.00,1929.00,2199.00,2217.00,2226.00,2241.00,2214.00,2223.00,2235.00,2256.00,2304.00,2220.00,2229.00,2259.00,1968.00,2196.00,2232.00,2316.00,2391.00,2406.00,2424.00,2424.00,2424.00,2424.00
TN269,2013.00,2013.00,2013.00,2013.00,2016.00,2073.00,2115.00,2169.00,2256.00,2085.00,2139.00,2202.00,2277.00,2364.00,2127.00,2190.00,2286.00,2022.00,2070.00,2199.00,2391.00,2532.00,2550.00,2568.00,2568.00,2568.00,2568.00
TN353,1062.00,1062.00,1062.00,1062.00,1083.00,1371.00,1443.00,1524.00,1626.00,1386.00,1479.00,1575.00,1644.00,1725.00,1461.00,1560.00,1653.00,1122.00,1368.00,1572.00,1749.00,1878.00,1890.00,1902.00,1902.00,1902.00,1902.00
TX270,1128.00,1128.00,1128.00,1128.00,1236.00,1536.00,1575.00,1623.00,1689.00,1551.00,1596.00,1653.00,1704.00,1761.00,1587.00,1644.00,1707.00,1278.00,1533.00,1650.00,1776.00,1866.00,1878.00,1890.00,1890.00,1890.00,1890.00
TX272,2007.00,2007.00,2007.00,2007.00,2088.00,2757.00,2862.00,2976.00,3051.00,2775.00,2910.00,3048.00,3054.00,3060.00,2886.00,3027.00,3057.00,2169.00,2748.00,3042.00,3063.00,3066.00,3069.00,3081.00,3081.00,3081.00,3081.00
TX273,1296.00,1296.00,1296.00,1296.00,1368.00,1671.00,1689.00,1698.00,1782.00,1686.00,1695.00,1707.00,1815.00,1953.00,1692.00,1701.00,1830.00,1410.00,1668.00,1704.00,2001.00,2223.00,2238.00,2253.00,2253.00,2253.00,2253.00
TX274,1377.00,1377.00,1377.00,1377.00,1470.00,1581.00,1659.00,1755.00,1881.00,1593.00,1698.00,1812.00,1905.00,2013.00,1680.00,1797.00,1917.00,1491.00,1578.00,1809.00,2046.00,2217.00,2232.00,2247.00,2247.00,2247.00,2247.00
TX275,1461.00,1461.00,1461.00,1461.00,1554.00,1884.00,1929.00,1980.00,2112.00,1899.00,1950.00,2013.00,2151.00,2316.00,1941.00,2001.00,2172.00,1599.00,1881.00,2010.00,2373.00,2634.00,2652.00,2673.00,2673.00,2673.00,2673.00
TX277,1800.00,1800.00,1800.00,1800.00,1968.00,2307.00,2325.00,2334.00,2364.00,2322.00,2331.00,2343.00,2385.00,2457.00,2328.00,2337.00,2391.00,2013.00,2304.00,2340.00,2478.00,2595.00,2613.00,2634.00,2634.00,2634.00,2634.00
TX278,1140.00,1140.00,1140.00,1140.00,1212.00,1446.00,1536.00,1635.00,1776.00,1461.00,1578.00,1698.00,1806.00,1929.00,1557.00,1680.00,1818.00,1245.00,1443.00,1695.00,1971.00,2166.00,2181.00,2196.00,2196.00,2196.00,2196.00
TX279,1320.00,1320.00,1320.00,1320.00,1398.00,1734.00,1755.00,1764.00,1776.00,1752.00,1761.00,1773.00,1779.00,1791.00,1758.00,1767.00,1782.00,1443.00,1731.00,1770.00,1794.00,1827.00,1839.00,1851.00,1851.00,1851.00,1851.00
TX281,1215.00,1215.00,1215.00,1215.00,1281.00,1515.00,1668.00,1839.00,2040.00,1530.00,1740.00,1947.00,2076.00,2226.00,1704.00,1917.00,2094.00,1314.00,1512.00,1938.00,2277.00,2517.00,2535.00,2553.00,2553.00,2553.00,2553.00
TX282,1593.00,1593.00,1593.00,1593.00,1650.00,1872.00,1938.00,2013.00,2097.00,1887.00,1971.00,2061.00,2112.00,2172.00,1953.00,2046.00,2118.00,1680.00,1869.00,2058.00,2187.00,2280.00,2295.00,2313.00,2313.00,2313.00,2313.00
TX283,1173.00,1173.00,1173.00,1173.00,1257.00,1641.00,1713.00,1794.00,1899.00,1659.00,1746.00,1842.00,1923.00,2013.00,1731.00,1827.00,1932.00,1305.00,1638.00,1839.00,2040.00,2187.00,2199.00,2214.00,2214.00,2214.00,2214.00
TX284,1146.00,1146.00,1146.00,1146.00,1284.00,1506.00,1590.00,1686.00,1764.00,1518.00,1629.00,1746.00,1770.00,1797.00,1611.00,1728.00,1773.00,1314.00,1503.00,1740.00,1800.00,1842.00,1854.00,1863.00,1863.00,1863.00,1863.00
TX285,1662.00,1662.00,1662.00,1662.00,1791.00,1836.00,1869.00,1911.00,1980.00,1848.00,1887.00,1941.00,1995.00,2058.00,1878.00,1932.00,2001.00,1803.00,1833.00,1938.00,2076.00,2178.00,2193.00,2208.00,2208.00,2208.00,2208.00
TX286,1236.00,1236.00,1236.00,1236.00,1323.00,1383.00,1482.00,1596.00,1704.00,1395.00,1530.00,1668.00,1716.00,1770.00,1506.00,1647.00,1719.00,1335.00,1380.00,1662.00,1785.00,1869.00,1881.00,1890.00,1890.00,1890.00,1890.00
TX288,1065.00,1065.00,1065.00,1065.00,1155.00,1440.00,1584.00,1743.00,1929.00,1455.00,1650.00,1845.00,1962.00,2097.00,1617.00,1815.00,1977.00,1194.00,1437.00,1836.00,2142.00,2361.00,2376.00,2394.00,2394.00,2394.00,2394.00
TX356,1659.00,1659.00,1659.00,1659.00,1755.00,2043.00,2082.00,2127.00,2196.00,2058.00,2100.00,2157.00,2211.00,2277.00,2091.00,2145.00,2217.00,1794.00,2040.00,2154.00,2295.00,2397.00,2412.00,2430.00,2430.00,2430.00,2430.00
TX415,1338.00,1338.00,1338.00,1338.00,1467.00,1635.00,1689.00,1755.00,1863.00,1647.00,1719.00,1797.00,1887.00,1992.00,1704.00,1785.00,1899.00,1491.00,1632.00,1794.00,2025.00,2190.00,2202.00,2217.00,2217.00,2217.00,2217.00
UT291,1602.00,1602.00,1602.00,1602.00,1695.00,1782.00,1818.00,1866.00,1950.00,1794.00,1839.00,1893.00,1971.00,2064.00,1827.00,1884.00,1980.00,1710.00,1779.00,1890.00,2091.00,2235.00,2250.00,2265.00,2265.00,2265.00,2265.00
UT292,1665.00,1665.00,1665.00,1665.00,1797.00,1866.00,2007.00,2169.00,2331.00,1878.00,2076.00,2271.00,2352.00,2445.00,2040.00,2241.00,2361.00,1812.00,1863.00,2265.00,2475.00,2625.00,2643.00,2661.00,2661.00,2661.00,2661.00
UT357,1599.00,1599.00,1599.00,1599.00,1653.00,1809.00,1863.00,1932.00,2055.00,1821.00,1893.00,1974.00,2088.00,2220.00,1878.00,1959.00,2103.00,1677.00,1806.00,1968.00,2265.00,2478.00,2493.00,2511.00,2511.00,2511.00,2511.00
VA295,1809.00,1809.00,1809.00,1809.00,1893.00,2085.00,2220.00,2373.00,2535.00,2100.00,2283.00,2469.00,2562.00,2673.00,2253.00,2439.00,2574.00,1920.00,2082.00,2460.00,2709.00,2883.00,2904.00,2925.00,2925.00,2925.00,2925.00
VA296,1902.00,1902.00,1902.00,1902.00,1932.00,1950.00,2067.00,2202.00,2355.00,1962.00,2124.00,2286.00,2382.00,2493.00,2094.00,2262.00,2394.00,1941.00,1947.00,2280.00,2529.00,2709.00,2727.00,2748.00,2748.00,2748.00,2748.00
VA297,1689.00,1689.00,1689.00,1689.00,1728.00,1806.00,1821.00,1830.00,1941.00,1818.00,1827.00,1842.00,1980.00,2145.00,1824.00,1836.00,2001.00,1743.00,1803.00,1839.00,2202.00,2466.00,2484.00,2502.00,2502.00,2502.00,2502.00
VA298,1710.00,1710.00,1710.00,1710.00,1767.00,1983.00,2016.00,2058.00,2184.00,1998.00,2034.00,2082.00,2223.00,2385.00,2025.00,2073.00,2244.00,1797.00,1980.00,2079.00,2442.00,2703.00,2724.00,2742.00,2742.00,2742.00,2742.00
VA301,1542.00,1542.00,1542.00,1542.00,1635.00,1743.00,1758.00,1773.00,1896.00,1755.00,1764.00,1788.00,1938.00,2115.00,1761.00,1782.00,1959.00,1653.00,1740.00,1785.00,2178.00,2460.00,2478.00,2496.00,2496.00,2496.00,2496.00
VA302,2253.00,2253.00,2253.00,2253.00,2421.00,2571.00,2613.00,2661.00,2796.00,2583.00,2634.00,2691.00,2835.00,3006.00,2622.00,2682.00,2856.00,2445.00,2568.00,2688.00,3063.00,3333.00,3357.00,3384.00,3384.00,3384.00,3384.00
VA303,1083.00,1083.00,1083.00,1083.00,1122.00,1455.00,1512.00,1578.00,1665.00,1470.00,1542.00,1620.00,1680.00,1752.00,1527.00,1608.00,1686.00,1167.00,1452.00,1617.00,1770.00,1881.00,1893.00,1905.00,1905.00,1905.00,1905.00
VA362,1404.00,1404.00,1404.00,1404.00,1545.00,1563.00,1602.00,1656.00,1761.00,1575.00,1626.00,1686.00,1791.00,1911.00,1614.00,1677.00,1806.00,1554.00,1560.00,1683.00,1950.00,2145.00,2157.00,2172.00,2172.00,2172.00,2172.00
VA368,2016.00,2016.00,2016.00,2016.00,2061.00,2148.00,2163.00,2172.00,2262.00,2160.00,2169.00,2181.00,2304.00,2478.00,2166.00,2175.00,2325.00,2076.00,2145.00,2178.00,2535.00,2814.00,2835.00,2853.00,2853.00,2853.00,2853.00
VT305,1980.00,1980.00,1980.00,1980.00,2190.00,2625.00,2796.00,2982.00,3201.00,2646.00,2874.00,3102.00,3240.00,3402.00,2835.00,3066.00,3258.00,2244.00,2622.00,3090.00,3456.00,3714.00,3744.00,3774.00,3774.00,3774.00,3774.00
WA306,1989.00,1989.00,1989.00,1989.00,2088.00,2334.00,2406.00,2487.00,2574.00,2349.00,2439.00,2538.00,2589.00,2646.00,2424.00,2523.00,2592.00,2121.00,2331.00,2535.00,2664.00,2754.00,2772.00,2793.00,2793.00,2793.00,2793.00
WA307,2157.00,2157.00,2157.00,2157.00,2316.00,2532.00,2667.00,2817.00,2967.00,2547.00,2730.00,2913.00,2988.00,3075.00,2697.00,2886.00,2997.00,2346.00,2529.00,2907.00,3102.00,3240.00,3264.00,3291.00,3291.00,3291.00,3291.00
WA308,1578.00,1578.00,1578.00,1578.00,1755.00,2049.00,2142.00,2244.00,2316.00,2064.00,2184.00,2310.00,2319.00,2331.00,2163.00,2289.00,2322.00,1794.00,2046.00,2304.00,2334.00,2343.00,2361.00,2376.00,2376.00,2376.00,2376.00
WA309,2436.00,2436.00,2436.00,2436.00,2592.00,3204.00,3297.00,3399.00,3525.00,3222.00,3342.00,3465.00,3552.00,3651.00,3321.00,3444.00,3561.00,2667.00,3198.00,3459.00,3684.00,3843.00,3873.00,3903.00,3903.00,3903.00,3903.00
WA310,1545.00,1545.00,1545.00,1545.00,1740.00,1992.00,2100.00,2220.00,2340.00,2007.00,2148.00,2295.00,2358.00,2433.00,2124.00,2271.00,2367.00,1776.00,1989.00,2289.00,2457.00,2574.00,2592.00,2610.00,2610.00,2610.00,2610.00
WA311,2034.00,2034.00,2034.00,2034.00,2205.00,2553.00,2586.00,2622.00,2682.00,2568.00,2601.00,2646.00,2697.00,2757.00,2592.00,2640.00,2703.00,2250.00,2550.00,2643.00,2775.00,2868.00,2889.00,2910.00,2910.00,2910.00,2910.00
WA312,1512.00,1512.00,1512.00,1512.00,1542.00,2100.00,2178.00,2262.00,2343.00,2118.00,2211.00,2313.00,2358.00,2406.00,2196.00,2298.00,2361.00,1611.00,2094.00,2310.00,2418.00,2496.00,2511.00,2529.00,2529.00,2529.00,2529.00
WA313,1158.00,1158.00,1158.00,1158.00,1317.00,1821.00,1869.00,1923.00,2025.00,1839.00,1893.00,1956.00,2055.00,2169.00,1881.00,1944.00,2067.00,1380.00,1818.00,1953.00,2205.00,2388.00,2403.00,2421.00,2421.00,2421.00,2421.00
WI316,1683.00,1683.00,1683.00,1683.00,1788.00,1932.00,2082.00,2253.00,2403.00,1947.00,2154.00,2358.00,2421.00,2490.00,2118.00,2328.00,2427.00,1809.00,1929.00,2349.00,2511.00,2622.00,2643.00,2661.00,2661.00,2661.00,2661.00
WI317,1959.00,1959.00,1959.00,1959.00,2187.00,2205.00,2280.00,2373.00,2556.00,2217.00,2319.00,2433.00,2604.00,2802.00,2301.00,2415.00,2628.00,2196.00,2202.00,2427.00,2871.00,3192.00,3216.00,3240.00,3240.00,3240.00,3240.00
WI318,1251.00,1251.00,1251.00,1251.00,1278.00,1425.00,1440.00,1449.00,1461.00,1437.00,1446.00,1458.00,1467.00,1500.00,1443.00,1452.00,1470.00,1302.00,1422.00,1455.00,1506.00,1560.00,1569.00,1575.00,1575.00,1575.00,1575.00
WI359,1059.00,1059.00,1059.00,1059.00,1167.00,1344.00,1359.00,1368.00,1401.00,1356.00,1365.00,1377.00,1416.00,1470.00,1362.00,1371.00,1419.00,1194.00,1341.00,1374.00,1485.00,1572.00,1581.00,1587.00,1587.00,1587.00,1587.00
WV320,1188.00,1188.00,1188.00,1188.00,1332.00,1617.00,1635.00,1644.00,1716.00,1632.00,1641.00,1656.00,1740.00,1839.00,1638.00,1650.00,1749.00,1371.00,1614.00,1653.00,1869.00,2028.00,2040.00,2052.00,2052.00,2052.00,2052.00
WV322,1266.00,1266.00,1266.00,1266.00,1440.00,1569.00,1605.00,1653.00,1779.00,1581.00,1626.00,1683.00,1815.00,1971.00,1617.00,1674.00,1833.00,1461.00,1566.00,1680.00,2022.00,2268.00,2283.00,2298.00,2298.00,2298.00,2298.00
WV323,978.00,978.00,978.00,978.00,1044.00,1197.00,1215.00,1242.00,1317.00,1209.00,1227.00,1257.00,1341.00,1437.00,1221.00,1251.00,1350.00,1068.00,1194.00,1254.00,1467.00,1617.00,1626.00,1635.00,1635.00,1635.00,1635.00
WV454,1455.00,1455.00,1455.00,1455.00,1557.00,1716.00,1785.00,1866.00,1995.00,1728.00,1818.00,1917.00,2028.00,2154.00,1803.00,1902.00,2040.00,1581.00,1713.00,1911.00,2199.00,2403.00,2421.00,2436.00,2436.00,2436.00,2436.00
WY324,1029.00,1029.00,1029.00,1029.00,1116.00,1725.00,1773.00,1827.00,1911.00,1743.00,1797.00,1860.00,1932.00,2013.00,1785.00,1851.00,1938.00,1188.00,1719.00,1857.00,2040.00,2169.00,2184.00,2196.00,2196.00,2196.00,2196.00
ZZ510,1074.00,1074.00,1074.00,1074.00,1152.00,1347.00,1401.00,1458.00,1545.00,1365.00,1425.00,1494.00,1566.00,1647.00,1413.00,1485.00,1572.00,1182.00,1350.00,1491.00,1671.00,1803.00,1812.00,1824.00,1824.00,1824.00,1824.00
ZZ520,1077.00,1077.00,1077.00,1077.00,1155.00,1350.00,1404.00,1461.00,1548.00,1368.00,1428.00,1497.00,1569.00,1650.00,1416.00,1488.00,1575.00,1185.00,1353.00,1494.00,1677.00,1806.00,1815.00,1827.00,1827.00,1827.00,1827.00
ZZ530,1080.00,1080.00,1080.00,1080.00,1158.00,1353.00,1407.00,1464.00,1551.00,1371.00,1431.00,1500.00,1572.00,1653.00,1419.00,1491.00,1581.00,1188.00,1356.00,1497.00,1680.00,1809.00,1821.00,1830.00,1830.00,1830.00,1830.00
ZZ540,1083.00,1083.00,1083.00,1083.00,1161.00,1356.00,1410.00,1470.00,1557.00,1374.00,1437.00,1506.00,1578.00,1659.00,1422.00,1494.00,1584.00,1191.00,1359.00,1503.00,1683.00,1815.00,1824.00,1836.00,1836.00,1836.00,1836.00
ZZ550,1089.00,1089.00,1089.00,1089.00,1167.00,1362.00,1416.00,1473.00,1560.00,1380.00,1440.00,1509.00,1581.00,1662.00,1428.00,1497.00,1590.00,1194.00,1362.00,1506.00,1689.00,1818.00,1830.00,1842.00,1842.00,1842.00,1842.00
ZZ560,1092.00,1092.00,1092.00,1092.00,1170.00,1368.00,1419.00,1479.00,1566.00,1386.00,1446.00,1515.00,1587.00,1671.00,1434.00,1503.00,1596.00,1200.00,1368.00,1512.00,1695.00,1827.00,1836.00,1848.00,1848.00,1848.00,1848.00
ZZ570,1098.00,1098.00,1098.00,1098.00,1179.00,1374.00,1428.00,1488.00,1575.00,1392.00,1452.00,1524.00,1596.00,1677.00,1440.00,1512.00,1602.00,1206.00,1377.00,1521.00,1704.00,1836.00,1845.00,1857.00,1857.00,1857.00,1857.00
ZZ580,1107.00,1107.00,1107.00,1107.00,1185.00,1380.00,1434.00,1494.00,1584.00,1398.00,1461.00,1530.00,1602.00,1686.00,1449.00,1521.00,1611.00,1215.00,1383.00,1527.00,1713.00,1845.00,1854.00,1866.00,1866.00,1866.00,1866.00
ZZ590,1110.00,1110.00,1110.00,1110.00,1191.00,1386.00,1440.00,1500.00,1590.00,1404.00,1467.00,1536.00,1608.00,1692.00,1455.00,1524.00,1617.00,1218.00,1389.00,1533.00,1719.00,1851.00,1863.00,1872.00,1872.00,1872.00,1872.00
ZZ600,1116.00,1116.00,1116.00,1116.00,1194.00,1392.00,1446.00,1506.00,1596.00,1410.00,1473.00,1542.00,1614.00,1698.00,1458.00,1530.00,1623.00,1224.00,1395.00,1539.00,1725.00,1857.00,1869.00,1881.00,1881.00,1881.00,1881.00
ZZ610,1122.00,1122.00,1122.00,1122.00,1200.00,1398.00,1452.00,1512.00,1602.00,1416.00,1479.00,1548.00,1623.00,1707.00,1467.00,1539.00,1629.00,1230.00,1401.00,1545.00,1731.00,1866.00,1878.00,1887.00,1887.00,1887.00,1887.00
ZZ620,1125.00,1125.00,1125.00,1125.00,1206.00,1404.00,1458.00,1518.00,1608.00,1422.00,1485.00,1554.00,1629.00,1713.00,1473.00,1545.00,1635.00,1236.00,1407.00,1551.00,1740.00,1872.00,1884.00,1896.00,1896.00,1896.00,1896.00
ZZ630,1131.00,1131.00,1131.00,1131.00,1212.00,1410.00,1467.00,1524.00,1614.00,1428.00,1491.00,1563.00,1635.00,1722.00,1479.00,1551.00,1644.00,1242.00,1413.00,1560.00,1746.00,1881.00,1893.00,1905.00,1905.00,1905.00,1905.00
ZZ640,1140.00,1140.00,1140.00,1140.00,1221.00,1419.00,1473.00,1533.00,1623.00,1437.00,1500.00,1572.00,1644.00,1731.00,1488.00,1560.00,1653.00,1251.00,1422.00,1569.00,1755.00,1890.00,1902.00,1914.00,1914.00,1914.00,1914.00
ZZ650,1149.00,1149.00,1149.00,1149.00,1230.00,1428.00,1485.00,1545.00,1635.00,1446.00,1509.00,1581.00,1656.00,1740.00,1497.00,1569.00,1665.00,1260.00,1431.00,1578.00,1767.00,1905.00,1914.00,1926.00,1926.00,1926.00,1926.00
ZZ660,1161.00,1161.00,1161.00,1161.00,1242.00,1443.00,1497.00,1557.00,1650.00,1461.00,1524.00,1596.00,1671.00,1755.00,1509.00,1584.00,1677.00,1272.00,1443.00,1593.00,1782.00,1920.00,1932.00,1944.00,1944.00,1944.00,1944.00
ZZ670,1170.00,1170.00,1170.00,1170.00,1254.00,1455.00,1512.00,1572.00,1662.00,1473.00,1536.00,1608.00,1683.00,1770.00,1524.00,1596.00,1692.00,1284.00,1458.00,1605.00,1797.00,1935.00,1947.00,1959.00,1959.00,1959.00,1959.00
ZZ680,1182.00,1182.00,1182.00,1182.00,1266.00,1470.00,1524.00,1584.00,1677.00,1488.00,1551.00,1623.00,1698.00,1788.00,1539.00,1611.00,1707.00,1296.00,1470.00,1620.00,1815.00,1953.00,1965.00,1977.00,1977.00,1977.00,1977.00
ZZ690,1197.00,1197.00,1197.00,1197.00,1281.00,1482.00,1539.00,1599.00,1692.00,1500.00,1566.00,1638.00,1713.00,1803.00,1551.00,1626.00,1722.00,1311.00,1485.00,1635.00,1830.00,1971.00,1983.00,1995.00,1995.00,1995.00,1995.00
ZZ700,1209.00,1209.00,1209.00,1209.00,1296.00,1500.00,1557.00,1617.00,1710.00,1518.00,1581.00,1656.00,1731.00,1821.00,1569.00,1644.00,1740.00,1326.00,1500.00,1653.00,1848.00,1989.00,2001.00,2016.00,2016.00,2016.00,2016.00
ZZ710,1227.00,1227.00,1227.00,1227.00,1314.00,1518.00,1575.00,1635.00,1731.00,1536.00,1602.00,1674.00,1752.00,1842.00,1587.00,1662.00,1761.00,1341.00,1521.00,1671.00,1869.00,2013.00,2025.00,2037.00,2037.00,2037.00,2037.00
ZZ720,1242.00,1242.00,1242.00,1242.00,1329.00,1536.00,1593.00,1653.00,1749.00,1554.00,1620.00,1692.00,1773.00,1863.00,1605.00,1680.00,1782.00,1359.00,1536.00,1689.00,1890.00,2034.00,2046.00,2061.00,2061.00,2061.00,2061.00
ZZ730,1260.00,1260.00,1260.00,1260.00,1347.00,1557.00,1614.00,1674.00,1770.00,1575.00,1638.00,1713.00,1794.00,1884.00,1626.00,1701.00,1803.00,1377.00,1557.00,1710.00,1914.00,2058.00,2073.00,2085.00,2085.00,2085.00,2085.00
ZZ740,1275.00,1275.00,1275.00,1275.00,1365.00,1575.00,1632.00,1695.00,1791.00,1593.00,1659.00,1734.00,1812.00,1905.00,1644.00,1722.00,1821.00,1395.00,1575.00,1731.00,1935.00,2082.00,2094.00,2109.00,2109.00,2109.00,2109.00
ZZ750,1299.00,1299.00,1299.00,1299.00,1389.00,1599.00,1656.00,1719.00,1818.00,1617.00,1683.00,1761.00,1842.00,1935.00,1671.00,1749.00,1851.00,1419.00,1602.00,1755.00,1965.00,2112.00,2127.00,2139.00,2139.00,2139.00,2139.00
ZZ760,1323.00,1323.00,1323.00,1323.00,1413.00,1626.00,1683.00,1749.00,1848.00,1644.00,1713.00,1788.00,1869.00,1965.00,1698.00,1776.00,1881.00,1443.00,1626.00,1785.00,1995.00,2145.00,2160.00,2175.00,2175.00,2175.00,2175.00
ZZ770,1344.00,1344.00,1344.00,1344.00,1437.00,1653.00,1710.00,1776.00,1875.00,1671.00,1740.00,1815.00,1899.00,1995.00,1725.00,1803.00,1908.00,1470.00,1653.00,1812.00,2025.00,2178.00,2193.00,2208.00,2208.00,2208.00,2208.00
ZZ780,1365.00,1365.00,1365.00,1365.00,1458.00,1674.00,1734.00,1797.00,1899.00,1692.00,1761.00,1839.00,1923.00,2019.00,1746.00,1827.00,1932.00,1488.00,1674.00,1833.00,2049.00,2205.00,2220.00,2235.00,2235.00,2235.00,2235.00
ZZ790,1386.00,1386.00,1386.00,1386.00,1482.00,1698.00,1758.00,1824.00,1926.00,1716.00,1785.00,1863.00,1950.00,2049.00,1773.00,1851.00,1959.00,1512.00,1701.00,1860.00,2079.00,2235.00,2250.00,2265.00,2265.00,2265.00,2265.00
ZZ800,1407.00,1407.00,1407.00,1407.00,1503.00,1722.00,1782.00,1848.00,1953.00,1740.00,1812.00,1890.00,1977.00,2076.00,1797.00,1878.00,1986.00,1536.00,1725.00,1887.00,2106.00,2265.00,2280.00,2295.00,2295.00,2295.00,2295.00
ZZ810,1455.00,1455.00,1455.00,1455.00,1554.00,1776.00,1839.00,1905.00,2010.00,1794.00,1866.00,1947.00,2037.00,2139.00,1854.00,1935.00,2046.00,1587.00,1779.00,1944.00,2169.00,2334.00,2349.00,2364.00,2364.00,2364.00,2364.00
ZZ820,1506.00,1506.00,1506.00,1506.00,1608.00,1833.00,1896.00,1965.00,2070.00,1851.00,1926.00,2007.00,2097.00,2202.00,1911.00,1992.00,2109.00,1641.00,1836.00,2004.00,2235.00,2403.00,2418.00,2436.00,2436.00,2436.00,2436.00
ZZ830,1566.00,1566.00,1566.00,1566.00,1671.00,1902.00,1965.00,2034.00,2145.00,1920.00,1995.00,2076.00,2169.00,2277.00,1980.00,2064.00,2181.00,1704.00,1902.00,2073.00,2313.00,2484.00,2502.00,2520.00,2520.00,2520.00,2520.00
ZZ840,1644.00,1644.00,1644.00,1644.00,1755.00,1989.00,2055.00,2127.00,2241.00,2007.00,2085.00,2172.00,2268.00,2379.00,2070.00,2157.00,2280.00,1788.00,1992.00,2166.00,2415.00,2595.00,2613.00,2631.00,2631.00,2631.00,2631.00
ZZ850,1737.00,1737.00,1737.00,1737.00,1851.00,2094.00,2160.00,2235.00,2352.00,2112.00,2193.00,2280.00,2379.00,2496.00,2175.00,2265.00,2394.00,1884.00,2094.00,2274.00,2535.00,2721.00,2742.00,2763.00,2763.00,2763.00,2763.00
ZZ860,1854.00,1854.00,1854.00,1854.00,1977.00,2229.00,2298.00,2373.00,2499.00,2247.00,2331.00,2421.00,2529.00,2652.00,2313.00,2406.00,2541.00,2010.00,2229.00,2418.00,2691.00,2889.00,2910.00,2931.00,2931.00,2931.00,2931.00
ZZ870,1965.00,1965.00,1965.00,1965.00,2094.00,2352.00,2424.00,2505.00,2634.00,2370.00,2460.00,2553.00,2664.00,2793.00,2442.00,2538.00,2679.00,2130.00,2355.00,2547.00,2835.00,3042.00,3066.00,3090.00,3090.00,3090.00,3090.00
ZZ880,2169.00,2169.00,2169.00,2169.00,2307.00,2583.00,2661.00,2742.00,2883.00,2601.00,2694.00,2796.00,2916.00,3057.00,2679.00,2778.00,2931.00,2346.00,2583.00,2790.00,3102.00,3327.00,3354.00,3378.00,3378.00,3378.00,3378.00
ZZ890,2448.00,2448.00,2448.00,2448.00,2601.00,2898.00,2979.00,3069.00,3222.00,2916.00,3018.00,3123.00,3258.00,3414.00,2997.00,3108.00,3276.00,2640.00,2898.00,3120.00,3465.00,3714.00,3744.00,3774.00,3774.00,3774.00,3774.00
